254.2942
254.4281
254.5646
254.7037
254.8457
254.9907
255.1388
255.2900
255.4446
255.6026
255.7641
255.9292
256.0979
256.2703
256.4469
256.6275
256.8121
257.0008
257.1934
257.3897
257.5896
257.7927
257.9988
258.2076
258.4187
258.6318
258.8462
259.0613
259.2771
259.4930
259.7086
259.9236
260.1376
260.3504
260.5616
260.7713
260.9793
261.1851
261.3886
261.5898
261.7879
261.9830
262.1752
262.3652
262.5523
262.7365
262.9177
263.0956
263.2702
263.4417
263.6101
263.7756
263.9382
264.0980
264.2551
264.4093
264.5607
264.7090
264.8545
264.9973
265.1372
265.2743
265.4085
265.5400
265.6684
265.7937
265.9159
266.0352
266.1515
266.2649
266.3750
266.4815
266.5845
266.6846
266.7814
266.8750
266.9650
267.0512
267.1337
267.2125
267.2881
267.3601
267.4282
267.4926
267.5529
267.6092
267.6621
267.7116
267.7576
267.8002
267.8393
267.8746
267.9063
267.9324
267.9560
267.9807
268.0011
268.0172
268.0298
268.0388
268.0421
268.0447
268.0457
268.0428
268.0373
268.0288
268.0172
268.0021
267.9834
267.9615
267.9367
267.9098
267.8802
267.8481
267.8130
267.7747
267.7333
267.6886
267.6412
267.5909
267.5375
267.4810
267.4212
267.3583
267.2926
267.2241
267.1529
267.0786
267.0015
266.9211
266.8377
266.7517
266.6630
266.5715
266.4775
266.3810
266.2818
266.1800
266.0755
265.9684
265.8584
265.7463
265.6317
265.5145
265.3947
265.2721
265.1465
265.0180
264.8870
264.7535
264.6177
264.4796
264.3386
264.1948
264.0485
263.8999
263.7490
263.5963
263.4417
263.2849
263.1257
262.9645
262.8019
262.6371
262.4701
262.3009
262.1292
261.9553
261.7791
261.6007
261.4202
261.2379
261.0534
260.8668
260.6784
260.4881
260.2956
260.1010
259.9045
259.7063
259.5064
259.3047
259.1010
258.8958
258.6891
258.4811
258.2717
258.0607
257.8484
257.6352
257.4216
257.2076
256.9927
256.7767
256.5594
256.3413
256.1223
255.9029
255.6826
255.4614
255.2392
255.0161
254.7925
254.5691
254.3456
254.1218
253.8976
253.6731
253.4483
253.2229
252.9973
252.7714
252.5453
252.3188
252.0926
251.8669
251.6414
251.4159
251.1904
250.9645
250.7385
250.5127
250.2871
250.0616
249.8362
249.6111
249.3863
249.1617
248.9372
248.7128
248.4900
248.2697
248.0531
247.8345
247.6144
247.3941
247.1749
246.9602
246.7445
246.5263
246.3094
246.0934
245.8776
245.6617
245.4461
245.2308
245.0160
244.8017
244.5879
244.3747
244.1622
243.9503
243.7391
243.5285
243.3186
243.1095
242.9011
242.6934
242.4863
242.2801
242.0749
241.8706
241.6671
241.4642
241.2620
241.0606
240.8601
240.6603
240.4612
240.2628
240.0651
239.8681
239.6717
239.4760
239.2809
239.0865
238.8927
238.6995
238.5068
238.3145
238.1227
237.9315
237.7409
237.5505
237.3605
237.1708
236.9814
236.7922
236.6032
236.4144
236.2257
236.0372
235.8490
235.6612
235.4737
235.2866
235.1000
234.9137
234.7278
234.5422
234.3572
234.1727
233.9889
233.8056
233.6227
233.4403
233.2584
233.0773
232.8972
232.7179
232.5395
232.3621
232.1856
232.0098
231.8350
231.6616
231.4891
231.3175
231.1465
230.9773
230.8094
230.6415
230.4744
230.3081
230.1420
229.9775
229.8148
229.6523
229.4899
229.3283
229.1674
229.0067
228.8465
228.6874
228.5291
228.3716
228.2148
228.0586
227.9025
227.7478
227.5926
227.4376
227.2842
227.1308
226.9778
226.8236
226.6718
226.5188
226.3684
226.2205
226.0722
225.9233
225.7764
225.6284
225.4823
225.3367
225.1922
225.0498
224.9074
224.7662
224.6251
224.4845
224.3445
224.2051
224.0664
223.9285
223.7912
223.6546
223.5186
223.3833
223.2488
223.1155
222.9831
222.8514
222.7203
222.5900
222.4603
222.3316
222.2036
222.0765
221.9502
221.8246
221.6997
221.5754
221.4519
221.3293
221.2075
221.0863
220.9656
220.8455
220.7260
220.6071
220.4889
220.3717
220.2552
220.1391
220.0236
219.9086
219.7942
219.6805
219.5676
219.4556
219.3442
219.2333
219.1232
219.0140
218.9059
218.7985
218.6920
218.5863
218.4809
218.3761
218.2721
218.1689
218.0664
217.9643
217.8626
217.7615
217.6615
217.5625
217.4642
217.3665
217.2694
217.1732
217.0780
216.9837
216.8899
216.7966
216.7040
216.6121
216.5209
216.4306
216.3413
216.2522
216.1637
216.0757
215.9886
215.9025
215.8172
215.7329
215.6490
215.5654
215.4825
215.4006
215.3199
215.2399
215.1604
215.0814
215.0029
214.9248
214.8469
214.7695
214.6922
214.6150
214.5378
214.4605
214.3826
214.3045
214.2261
214.1473
214.0679
213.9880
213.9074
213.8259
213.7433
213.6595
213.5746
213.4886
213.4014
213.3130
213.2233
213.1318
213.0385
212.9436
212.8468
212.7482
212.6474
212.5442
212.4386
212.3306
212.2207
212.1092
211.9956
211.8797
211.7614
211.6409
211.5179
211.3925
211.2652
211.1351
211.0024
210.8667
210.7277
210.5861
210.4418
210.2944
210.1434
209.9895
209.8326
209.6734
209.5119
209.3479
209.1812
209.0127
208.8423
208.6689
208.4931
208.3145
208.1327
207.9478
207.7609
207.5715
207.3793
207.1849
206.9877
206.7877
206.5845
206.3786
206.1700
205.9592
205.7457
205.5294
205.3108
205.0902
204.8671
204.6410
204.4125
204.1819
203.9493
203.7144
203.4771
203.2367
202.9939
202.8717
202.5010
202.2501
201.9976
201.7445
201.4862
201.2261
200.9632
200.6958
200.4270
200.1576
199.8888
199.6149
199.3382
199.0593
198.7773
198.4923
198.2044
197.9138
197.6208
197.3256
197.0279
196.7272
196.4235
196.1170
195.8079
195.4962
195.1823
194.8659
194.5468
194.2248
193.9001
193.5728
193.2430
192.9106
192.5758
192.2385
191.8987
191.5564
191.2113
190.8633
190.5125
190.1590
189.8029
189.4441
189.0824
188.7183
188.3517
187.9828
187.6119
187.2386
186.8634
186.4868
186.1093
185.7304
185.3504
184.9688
184.5858
184.2017
183.8172
183.4320
183.0451
182.6567
182.2670
181.8763
181.4847
181.0920
180.6979
180.3024
179.9055
179.5073
179.1078
178.7069
178.3046
177.9008
177.4956
177.0891
176.6815
176.2727
175.8627
175.4515
175.0395
174.6265
174.2127
173.7983
173.3834
172.9679
172.5520
172.1358
171.7192
171.3024
170.8854
170.4683
170.0512
169.6341
169.2170
168.7999
168.3832
167.9670
167.5513
167.1358
166.7207
166.3061
165.8924
165.4795
165.0671
164.6550
164.2433
163.8321
163.4215
163.0113
162.6014
162.1920
161.7829
161.3741
160.9654
160.5569
160.1486
159.7406
159.3326
158.9242
158.5155
158.1066
157.6975
157.2882
156.8780
156.4668
156.0546
155.6417
155.2280
154.8134
154.3971
153.9794
153.5610
153.1420
152.7222
152.3015
151.8801
151.4581
151.0358
150.6131
150.1900
149.7667
149.3433
148.9200
148.4968
148.0736
147.6508
147.2285
146.8065
146.3848
145.9633
145.5422
145.1214
144.7010
144.2807
143.8608
143.4412
143.0218
142.6027
142.1838
141.7653
141.3472
140.9295
140.5121
140.0951
139.6784
139.2620
138.8461
138.4306
138.0157
137.6012
137.1873
136.7739
136.3609
135.9485
135.5365
135.1248
134.7136
134.3031
133.8922
133.4810
133.0696
132.6580
132.2463
131.8344
131.4216
131.0081
130.5942
130.1799
129.7652
129.3499
128.9340
128.5177
128.1010
127.6839
127.2664
126.8487
126.4308
126.0128
125.5947
125.1764
124.7581
124.3399
123.9218
123.5037
123.0857
122.6677
122.2495
121.8313
121.4131
120.9950
120.5768
120.1587
119.7406
119.3227
118.9050
118.4874
118.0700
117.6531
117.2367
116.8207
116.4050
115.9898
115.5753
115.1616
114.7486
114.3361
113.9242
113.5128
113.1024
112.6926
112.2829
111.8735
111.4643
111.0551
110.6457
110.2360
109.8261
109.4159
109.0054
108.5942
108.1825
107.7702
107.3574
106.9439
106.5300
106.1155
105.7006
105.2853
104.8695
104.4534
104.0371
103.6206
103.2040
102.7879
102.3720
101.9564
101.5409
101.1255
100.7103
100.2948
99.8791
99.4646
99.0512
98.6377
98.2239
97.8100
97.3960
96.9819
96.5677
96.1534
95.7388
95.3242
94.9094
94.4946
94.0798
93.6648
93.2499
92.8356
92.4219
92.0087
91.5959
91.1833
90.7715
90.3605
89.9499
89.5397
89.1299
88.7204
88.3109
87.9013
87.4917
87.0822
86.6728
86.2634
85.8536
85.4436
85.0334
84.6229
84.2122
83.8012
83.3899
82.9783
82.5666
82.1549
81.7429
81.3309
80.9189
80.5069
80.0948
79.6827
79.2708
78.8591
78.4477
78.0364
77.6251
77.2141
76.8033
76.3930
75.9828
75.5725
75.1626
74.7533
74.3442
73.9350
73.5256
73.1160
72.7069
72.2977
71.8884
71.4793
71.0706
70.6624
70.2542
69.8457
69.4371
69.0284
68.6198
68.2111
67.8022
67.3938
66.9859
66.5779
66.1699
65.7619
65.3539
64.9461
64.5383
64.1305
63.7229
63.3155
62.9081
62.5008
62.0934
61.6862
61.2794
60.8734
60.4681
60.0639
59.6607
59.2581
58.8556
58.4529
58.0498
57.6463
57.2425
56.8386
56.4349
56.0314
55.6283
55.2258
54.8243
54.4236
54.0236
53.6238
53.2241
52.8245
52.4252
52.0263
51.6277
51.2297
50.8321
50.4351
50.0385
49.6425
49.2470
48.8524
48.4585
48.0653
47.6730
47.2815
46.8914
46.5041
46.1214
45.7437
45.3694
44.9971
44.6259
44.2552
43.8848
43.5150
43.1460
42.7784
42.4125
42.0478
41.6839
41.3204
40.9575
40.5955
40.2331
39.8703
39.5070
39.1433
38.7795
38.4157
38.0516
37.6870
37.3219
36.9560
36.5896
36.2225
35.8547
35.4862
35.1172
34.7477
34.3776
34.0070
33.6359
33.2643
32.8921
32.5193
32.1461
31.7723
31.3979
31.0230
30.6476
30.2716
29.8952
29.5182
29.1408
28.7629
28.3845
28.0056
27.6262
27.2465
26.8665
26.4861
26.1051
25.7237
25.3419
24.9598
24.5774
24.1948
23.8116
23.4280
23.0432
22.6553
22.2645
21.8714
21.4768
21.0817
20.6868
20.2922
19.8976
19.5027
19.1072
18.7112
18.3147
17.9178
17.5206
17.1230
16.7252
16.3272
15.9288
15.5299
15.1306
14.7311
14.3313
13.9311
13.5308
13.1304
12.7302
12.3303
11.9305
11.5310
11.1319
10.7333
10.3351
9.9375
9.5406
9.1446
8.7499
8.3562
7.9636
7.5722
7.1825
6.7952
6.4106
6.0292
5.6518
5.2813
4.9190
4.5662
4.2247
3.8962
3.5829
3.2877
3.0140
2.7642
2.5411
2.3477
2.1885
2.0681
1.9862
1.9404
1.9288
1.9468
1.9896
2.0546
2.1380
2.2352
2.3404
2.4482
2.5543
2.6560
2.7506
2.8365
2.9133
2.9821
3.0445
3.1016
3.1535
3.2005
3.2426
3.2805
3.3153
3.3480
3.3796
3.4110
3.4424
3.4739
3.5055
3.5373
3.5692
3.6014
3.6339
3.6666
3.6997
3.7330
3.7667
3.8006
3.8347
3.8690
3.9035
3.9380
3.9718
4.0036
4.0332
4.0602
4.0843
4.1053
4.1231
4.1376
4.1489
4.1572
4.1609
4.1609
4.1609
4.1609
4.1609
4.1609
4.1609
4.1609
4.1609
4.1609
4.1609
4.1609
4.1609
4.1609
4.1609
4.1609
4.1609
4.1609
4.1609
4.1609
4.1609
4.1609
4.1609
4.1609
4.1609
4.1609
4.1609
4.1609
4.1609
4.1609
4.1609
4.1609
4.1609
4.1609
4.1609
4.1609
4.1609
4.1609
4.1609
4.1609
4.1609
4.1609
4.1609
4.1609
4.1609
4.1609
4.1609
4.1609
4.1609
4.1609
4.1609
4.1609
4.1609
4.1609
4.1609
4.1609
4.1609
4.1609
4.1609
4.1609
4.1609
4.1609
4.1609
4.1609
4.1609
4.1609
4.1609
4.1609
4.1609
4.1609
4.1609
4.1609
4.1609
4.1609
4.1609
4.1609
4.1609
4.1609
4.1609
4.1609
4.1609
4.1609
4.1609
4.1609
4.1609
4.1609
4.1609
4.1609
4.1609
4.1609
4.1609
4.1609
4.1609
4.1609
4.1609
4.1609
4.1609
4.1609
4.1609
