222.1101
221.9002
221.6863
221.4684
221.2465
221.0202
220.7896
220.5543
220.3139
220.0682
219.8167
219.5591
219.2951
219.0243
218.7463
218.4613
218.1691
217.8692
217.5612
217.2450
216.9204
216.5874
216.2460
215.8964
215.5391
215.1746
214.8035
214.4263
214.0433
213.6557
213.2640
212.8688
212.4706
212.0697
211.6665
211.2613
210.8544
210.4461
210.0366
209.6265
209.2159
208.8050
208.3939
207.9822
207.5704
207.1584
206.7462
206.3342
205.9214
205.5074
205.0933
204.6787
204.2631
203.8466
203.4291
203.0113
202.5935
202.1752
201.7573
201.3401
200.9229
200.5060
200.0899
199.6741
199.2587
198.8449
198.4307
198.0166
197.6027
197.1890
196.7757
196.3629
195.9523
195.5416
195.1304
194.7200
194.3104
193.9006
193.4908
193.0808
192.6709
192.2610
191.8513
191.4417
191.0326
190.6242
190.2162
189.8082
189.4006
188.9936
188.5871
188.1809
187.7749
187.3694
186.9644
186.5597
186.1550
185.7504
185.3460
184.9417
184.5375
184.1332
183.7286
183.3237
182.9187
182.5136
182.1080
181.7018
181.2949
180.8872
180.4787
180.0692
179.6588
179.2475
178.8351
178.4219
178.0079
177.5928
177.1770
176.7605
176.3434
175.9260
175.5083
175.0903
174.6721
174.2537
173.8355
173.4174
172.9993
172.5816
172.1642
171.7470
171.3301
170.9137
170.4979
170.0824
169.6671
169.2525
168.8387
168.4259
168.0141
167.6032
167.1932
166.7843
166.3768
165.9706
165.5655
165.1615
164.7587
164.3570
163.9563
163.5565
163.1575
162.7591
162.3615
161.9644
161.5674
161.1704
160.7734
160.3764
159.9793
159.5814
159.1828
158.7838
158.3837
157.9825
157.5800
157.1762
156.7710
156.3645
155.9565
155.5472
155.1367
154.7250
154.3121
153.8983
153.4837
153.0683
152.6523
152.2357
151.8186
151.4013
150.9837
150.5657
150.1474
149.7290
149.3106
148.8922
148.4738
148.0554
147.6371
147.2190
146.8012
146.3835
145.9661
145.5489
145.1321
144.7157
144.2996
143.8839
143.4687
143.0539
142.6395
142.2257
141.8124
141.3997
140.9877
140.5763
140.1655
139.7555
139.3461
138.9374
138.5292
138.1216
137.7147
137.3083
136.9026
136.4975
136.0931
135.6891
135.2856
134.8825
134.4798
134.0773
133.6751
133.2730
132.8711
132.4691
132.0670
131.6647
131.2621
130.8592
130.4559
130.0521
129.6478
129.2427
128.8371
128.4307
128.0235
127.6157
127.2072
126.7979
126.3880
125.9775
125.5665
125.1552
124.7434
124.3315
123.9195
123.5075
123.0956
122.6838
122.2723
121.8614
121.4510
121.0412
120.6319
120.2234
119.8155
119.4083
119.0019
118.5962
118.1914
117.7874
117.3841
116.9815
116.5795
116.1780
115.7769
115.3763
114.9760
114.5759
114.1758
113.7758
113.3757
112.9754
112.5748
112.1738
111.7723
111.3702
110.9675
110.5640
110.1597
109.7545
109.3485
108.9417
108.5341
108.1257
107.7166
107.3068
106.8964
106.4855
106.0740
105.6622
105.2502
104.8380
104.4256
104.0132
103.6008
103.1885
102.7764
102.3644
101.9526
101.5411
101.1300
100.7191
100.3087
99.8987
99.4892
99.0802
98.6717
98.2637
97.8561
97.4491
97.0426
96.6365
96.2308
95.8257
95.4210
95.0167
94.6127
94.2091
93.8058
93.4027
92.9999
92.5972
92.1945
91.7919
91.3891
90.9861
90.5828
90.1790
89.7747
89.3697
88.9640
88.5575
88.1500
87.7417
87.3323
86.9220
86.5105
86.0980
85.6844
85.2700
84.8546
84.4383
84.0213
83.6036
83.1854
82.7666
82.3473
81.9276
81.5077
81.0875
80.6672
80.2466
79.8259
79.4051
78.9842
78.5630
78.1417
77.7203
77.2989
76.8776
76.4563
76.0350
75.6139
75.1929
74.7720
74.3512
73.9305
73.5101
73.0898
72.6699
72.2502
71.8308
71.4117
70.9930
70.5745
70.1565
69.7389
69.3216
68.9048
68.4884
68.0725
67.6570
67.2420
66.8275
66.4135
66.0001
65.5872
65.1748
64.7629
64.3515
63.9406
63.5303
63.1203
62.7108
62.3017
61.8929
61.4844
61.0762
60.6682
60.2603
59.8525
59.4448
59.0369
58.6290
58.2208
57.8125
57.4038
56.9944
56.5843
56.1745
55.7643
55.3532
54.9413
54.5285
54.1154
53.7017
53.2863
52.8702
52.4534
52.0359
51.6175
51.1986
50.7791
50.3590
49.9385
49.5176
49.0966
48.6752
48.2532
47.8308
47.4083
46.9856
46.5628
46.1399
45.7168
45.2936
44.8704
44.4476
44.0251
43.6029
43.1810
42.7594
42.3381
41.9171
41.4964
41.0761
40.6561
40.2365
39.8173
39.3985
38.9801
38.5621
38.1445
37.7273
37.3105
36.8942
36.4782
36.0626
35.6473
35.2324
34.8179
34.4036
33.9896
33.5758
33.1622
32.7484
32.3346
31.9208
31.5071
31.0931
30.6789
30.2644
29.8496
29.4342
29.0182
28.6019
28.1852
27.7679
27.3499
26.9311
26.5115
26.0910
25.6690
25.2453
24.8205
24.3946
23.9676
23.5400
23.1121
22.6839
22.2555
21.8269
21.3996
20.9731
20.5471
20.1216
19.6967
19.2724
18.8487
18.4256
18.0030
17.5809
17.1593
16.7382
16.5279
15.8977
15.4781
15.0592
14.6407
14.2229
13.8055
13.3889
12.9728
12.5572
12.1422
11.7278
11.3141
10.9010
10.4884
10.0763
9.6647
9.2541
8.8441
8.4347
8.0256
7.6165
7.2075
6.7987
6.3900
5.9815
5.5728
5.1639
4.7551
4.3470
3.9423
3.5421
3.1473
2.7589
2.3781
2.0058
1.6431
1.2912
0.9509
0.6235
0.3105
0.0459
0.2824
0.5507
0.8045
1.0427
1.2647
1.3696
1.6597
1.8327
1.9898
2.1314
2.2583
2.3715
2.4718
2.5605
2.6390
2.7084
2.7702
2.8258
2.8765
2.9237
2.9684
3.0125
3.0565
3.1004
3.1445
3.1886
3.2329
3.2775
3.3225
3.3679
3.4139
3.4603
3.5072
3.5546
3.6025
3.6506
3.6990
3.7476
3.7962
3.8446
3.8914
3.9353
3.9759
4.0126
4.0450
4.0728
4.0959
4.1140
4.1274
4.1362
4.1370
4.1370
4.1370
4.1370
4.1370
4.1370
4.1370
4.1370
4.1370
4.1370
4.1370
4.1370
4.1370
4.1370
4.1370
4.1370
4.1370
4.1370
4.1370
4.1370
4.1370
4.1370
4.1370
4.1370
4.1370
4.1370
4.1370
4.1370
4.1370
4.1370
4.1370
4.1370
4.1370
4.1370
4.1370
4.1370
4.1370
4.1370
4.1370
4.1370
4.1370
4.1370
4.1370
4.1370
4.1370
4.1370
4.1370
4.1370
4.1370
4.1370
4.1370
4.1370
4.1370
4.1370
4.1370
4.1370
4.1370
4.1370
4.1370
4.1370
4.1370
4.1370
4.1370
4.1370
4.1370
4.1370
4.1370
4.1370
4.1370
4.1370
4.1370
4.1370
4.1370
4.1370
4.1370
4.1370
4.1370
4.1370
4.1370
4.1370
4.1370
4.1370
4.1370
4.1370
4.1370
4.1370
4.1370
4.1370
4.1370
4.1370
4.1370
4.1370
4.1370
4.1370
4.1370
4.1370
4.1370
4.1370
4.1370
4.1370
4.1370
4.1370
4.1370
4.1370
4.1370
4.1370
4.1370
4.1370
4.1370
4.1370
4.1370
4.1370
4.1370
4.1370
4.1370
4.1370
4.1370
4.1370
4.1370
4.1370
4.1370
4.1370
4.1370
4.1370
4.1370
4.1370
4.1370
4.1370
4.1370
4.1370
4.1370
4.1370
4.1370
4.1370
4.1370
4.1370
4.1370
4.1370
4.1370
4.1370
4.1370
4.1370
4.1370
4.1370
4.1370
4.1370
4.1370
4.1370
4.1370
4.1370
4.1370
4.1370
4.1370
4.1370
4.1370
4.1370
4.1370
4.1370
4.1370
4.1370
4.1370
4.1370
4.1370
4.1370
4.1370
4.1370
4.1370
4.1370
4.1370
4.1370
4.1370
4.1370
4.1370
4.1370
4.1370
4.1370
4.1370
4.1370
4.1370
4.1370
4.1370
4.1370
4.1370
4.1370
4.1370
4.1370
4.1370
4.1370
4.1370
4.1370
4.1370
4.1370
4.1370
4.1370
4.1370
4.1370
4.1370
4.1370
4.1370
4.1370
4.1370
4.1370
4.1370
4.1370
4.1370
4.1370
4.1370
4.1370
4.1370
4.1370
4.1370
4.1370
4.1370
4.1370
4.1370
4.1370
4.1370
4.1370
4.1370
4.1370
4.1370
4.1370
4.1370
4.1370
4.1370
4.1370
4.1370
4.1370
4.1370
4.1370
4.1370
4.1370
4.1370
4.1370
4.1370
4.1370
4.1370
4.1370
4.1370
4.1370
4.1370
4.1370
4.1370
4.1370
4.1370
4.1370
4.1370
4.1370
4.1370
4.1370
4.1370
4.1370
4.1370
4.1370
4.1370
4.1370
4.1370
4.1370
4.1370
4.1370
4.1370
4.1370
4.1370
4.1370
4.1370
4.1370
4.1370
4.1370
4.1370
4.1370
4.1370
4.1370
4.1370
4.1370
4.1370
4.1370
4.1370
4.1370
4.1370
4.1370
4.1370
4.1370
4.1370
4.1370
4.1370
4.1370
4.1370
4.1370
4.1370
4.1370
4.1370
4.1370
4.1370
4.1370
4.1370
4.1370
4.1370
4.1370
4.1370
4.1370
4.1370
4.1370
4.1370
4.1370
4.1370
4.1370
4.1370
4.1370
4.1370
4.1370
4.1370
4.1370
4.1370
4.1370
4.1370
4.1370
4.1370
4.1370
4.1370
4.1370
4.1370
4.1370
4.1370
4.1370
4.1370
4.1370
4.1370
4.1370
4.1370
4.1370
4.1370
4.1370
4.1370
4.1370
4.1370
4.1370
4.1370
4.1370
4.1370
4.1370
4.1370
4.1370
4.1370
4.1370
4.1370
4.1370
4.1370
4.1370
4.1370
4.1370
4.1370
4.1370
4.1370
4.1370
4.1370
4.1370
4.1370
4.1370
4.1370
4.1370
4.1370
4.1370
4.1370
4.1370
4.1370
4.1370
4.1370
4.1370
4.1370
4.1370
4.1370
4.1370
4.1370
4.1370
4.1370
4.1370
4.1370
4.1370
4.1370
4.1370
4.1370
4.1370
4.1370
4.1370
4.1370
4.1370
4.1370
4.1370
4.1370
4.1370
4.1370
4.1370
4.1370
4.1370
4.1370
4.1370
4.1370
4.1370
4.1370
4.1370
4.1370
4.1370
4.1370
4.1370
4.1370
4.1370
4.1370
4.1370
4.1370
4.1370
4.1370
4.1370
4.1370
4.1370
4.1370
4.1370
4.1370
4.1370
4.1370
4.1370
4.1370
4.1370
4.1370
4.1370
4.1370
4.1370
4.1370
4.1370
4.1370
4.1370
4.1370
4.1370
4.1370
4.1370
4.1370
4.1370
4.1370
4.1370
4.1370
4.1370
4.1370
4.1370
4.1370
4.1370
4.1370
4.1370
4.1370
4.1370
4.1370
4.1370
4.1370
4.1370
4.1370
4.1370
4.1370
4.1370
4.1370
4.1370
4.1370
4.1370
4.1370
4.1370
4.1370
4.1370
4.1370
4.1370
4.1370
4.1370
4.1370
4.1370
4.1370
4.1370
4.1370
4.1370
4.1370
4.1370
4.1370
4.1370
4.1370
4.1370
4.1370
4.1370
4.1370
4.1370
4.1370
4.1370
4.1370
4.1370
4.1370
4.1370
4.1370
4.1370
4.1370
4.1370
4.1370
4.1370
4.1370
4.1370
4.1370
4.1370
4.1370
4.1370
4.1370
4.1370
4.1370
4.1370
4.1370
4.1370
4.1370
4.1370
4.1370
4.1370
4.1370
4.1370
4.1370
4.1370
4.1370
4.1370
4.1370
4.1370
4.1370
4.1370
4.1370
4.1370
4.1370
4.1370
4.1370
4.1370
4.1370
4.1370
4.1370
4.1370
4.1370
4.1370
4.1370
4.1370
4.1370
4.1370
4.1370
4.1370
4.1370
4.1370
4.1370
4.1370
4.1370
4.1370
4.1370
4.1370
4.1370
4.1370
4.1370
4.1370
4.1370
4.1370
4.1370
4.1370
4.1370
4.1370
4.1370
4.1370
4.1370
4.1370
4.1370
4.1370
4.1370
4.1370
4.1370
4.1370
4.1370
4.1370
4.1370
4.1370
4.1370
4.1370
4.1370
4.1370
4.1370
4.1370
4.1370
4.1370
4.1370
4.1370
4.1370
4.1370
4.1370
4.1370
4.1370
4.1370
4.1370
4.1370
4.1370
4.1370
4.1370
4.1370
4.1370
4.1370
4.1370
4.1370
