1785376568.800 55.3325 -141.1698
1785376568.851 55.3325 -141.1698
1785376568.901 55.3325 -141.1698
1785376568.951 55.3325 -141.1698
1785376569.001 55.3325 -141.1698
1785376569.051 55.3325 -141.1698
1785376569.101 55.3325 -141.1698
1785376569.151 55.3325 -141.1698
1785376569.201 55.3325 -141.1698
1785376569.251 55.3325 -141.1698
1785376569.302 55.3325 -141.1698
1785376569.352 55.3325 -141.1698
1785376569.403 55.3325 -141.1698
1785376569.453 55.3325 -141.1698
1785376569.503 55.3325 -141.1698
1785376569.553 55.3325 -141.1698
1785376569.603 55.3325 -141.1698
1785376569.653 55.3325 -141.1698
1785376569.703 55.3325 -141.1698
1785376569.753 55.3325 -141.1698
1785376569.803 55.3325 -141.1698
1785376569.854 55.3325 -141.1698
1785376569.904 55.3325 -141.1698
1785376569.954 55.3325 -141.1698
1785376570.004 55.3325 -141.1698
1785376570.054 55.3325 -141.1698
1785376570.104 55.3325 -141.1698
1785376570.154 55.3325 -141.1698
1785376570.204 55.3325 -141.1698
1785376570.255 55.3325 -141.1698
1785376570.305 55.3325 -141.1698
1785376570.355 55.3325 -141.1698
1785376570.405 55.3325 -141.1698
1785376570.455 55.3325 -141.1698
1785376570.505 55.3325 -141.1698
1785376570.555 55.3325 -141.1698
1785376570.605 55.3325 -141.1698
1785376570.655 55.3325 -141.1698
1785376570.706 55.3325 -141.1698
1785376570.756 55.3325 -141.1698
1785376570.806 55.3325 -141.1698
1785376570.856 55.3325 -141.1698
1785376570.906 55.3325 -141.1698
1785376570.956 55.3325 -141.1698
1785376571.006 55.3325 -141.1698
1785376571.056 55.3325 -141.1698
1785376571.106 55.3325 -141.1698
1785376571.157 55.3325 -141.1698
1785376571.207 55.3325 -141.1698
1785376571.257 55.3325 -141.1698
1785376571.307 55.3325 -141.1698
1785376571.357 55.3325 -141.1698
1785376571.407 55.3325 -141.1698
1785376571.458 55.3325 -141.1698
1785376571.508 55.3325 -141.1698
1785376571.558 55.3325 -141.1698
1785376571.608 55.3325 -141.1698
1785376571.658 55.3325 -141.1698
1785376571.708 55.3325 -141.1698
1785376571.758 55.3325 -141.1698
1785376571.808 55.3325 -141.1698
1785376571.859 55.3325 -141.1698
1785376571.909 55.3325 -141.1698
1785376571.959 55.3325 -141.1698
1785376572.009 55.3325 -141.1698
1785376572.059 55.3325 -141.1698
1785376572.109 55.3325 -141.1698
1785376572.159 55.3325 -141.1698
1785376572.210 55.3325 -141.1698
1785376572.260 55.3325 -141.1698
1785376572.310 55.3325 -141.1698
1785376572.360 55.3325 -141.1698
1785376572.410 55.3325 -141.1698
1785376572.460 55.3325 -141.1698
1785376572.510 55.3325 -141.1698
1785376572.560 55.3325 -141.1698
1785376572.610 55.3325 -141.1698
1785376572.661 55.3325 -141.1698
1785376572.711 55.3325 -141.1698
1785376572.761 55.3325 -141.1698
1785376572.811 55.3325 -141.1698
1785376572.861 55.3325 -141.1698
1785376572.911 55.3325 -141.1698
1785376572.961 55.3325 -141.1698
1785376573.011 55.3325 -141.1698
1785376573.061 55.3325 -141.1698
1785376573.112 55.3325 -141.1698
1785376573.162 55.3325 -141.1698
1785376573.212 55.3325 -141.1698
1785376573.263 55.3325 -141.1698
1785376573.313 55.3325 -141.1698
1785376573.363 55.3325 -141.1698
1785376573.414 55.3325 -141.1698
1785376573.464 55.3325 -141.1698
1785376573.514 55.3325 -141.1698
1785376573.564 55.3325 -141.1698
1785376573.614 55.3325 -141.1698
1785376573.664 55.3325 -141.1698
1785376573.714 55.3325 -141.1698
1785376573.764 55.3325 -141.1698
1785376573.814 55.3325 -141.1698
1785376573.865 55.3325 -141.1698
1785376573.915 55.3325 -141.1698
1785376573.965 55.3325 -141.1698
1785376574.015 55.3325 -141.1698
1785376574.065 55.3325 -141.1698
1785376574.116 55.3325 -141.1698
1785376574.166 55.3325 -141.1698
1785376574.216 55.3325 -141.1698
1785376574.266 55.3325 -141.1698
1785376574.316 55.3325 -141.1698
1785376574.366 55.3325 -141.1698
1785376574.416 55.3325 -141.1698
1785376574.467 55.3325 -141.1698
1785376574.517 55.3325 -141.1698
1785376574.567 55.3325 -141.1698
1785376574.617 55.3325 -141.1698
1785376574.668 55.3325 -141.1698
1785376574.718 55.3325 -141.1698
1785376574.768 55.3325 -141.1698
1785376574.818 55.3325 -141.1698
1785376574.868 55.3325 -141.1698
1785376574.918 55.3325 -141.1698
1785376574.968 55.3325 -141.1698
1785376575.018 55.3325 -141.1698
1785376575.068 55.3325 -141.1698
1785376575.119 55.3325 -141.1698
1785376575.169 55.3325 -141.1698
1785376575.219 55.3325 -141.1698
1785376575.269 55.3325 -141.1698
1785376575.319 55.3325 -141.1698
1785376575.369 55.3325 -141.1698
1785376575.419 55.3325 -141.1698
1785376575.469 55.3325 -141.1698
1785376575.519 55.3325 -141.1698
1785376575.570 55.3325 -141.1698
1785376575.620 55.3325 -141.1698
1785376575.670 55.3325 -141.1698
1785376575.720 55.3325 -141.1698
1785376575.770 55.3325 -141.1698
1785376575.821 55.3325 -141.1698
1785376575.871 55.3325 -141.1698
1785376575.921 55.3325 -141.1698
1785376575.971 55.3325 -141.1698
1785376576.022 55.3325 -141.1698
1785376576.072 55.3325 -141.1698
1785376576.122 55.3325 -141.1698
1785376576.172 55.3325 -141.1698
1785376576.222 55.3325 -141.1698
1785376576.272 55.3325 -141.1698
1785376576.322 55.3325 -141.1698
1785376576.373 55.3325 -141.1698
1785376576.423 55.3325 -141.1698
1785376576.473 55.3325 -141.1698
1785376576.523 55.3325 -141.1698
1785376576.573 55.3325 -141.1698
1785376576.623 55.3325 -141.1698
1785376576.674 55.3325 -141.1698
1785376576.724 55.3325 -141.1698
1785376576.774 55.3325 -141.1698
1785376576.824 55.3325 -141.1698
1785376576.874 55.3325 -141.1698
1785376576.924 55.3325 -141.1698
1785376576.974 55.3325 -141.1698
1785376577.025 55.3325 -141.1698
1785376577.075 55.3325 -141.1698
1785376577.125 55.3325 -141.1698
1785376577.176 55.3325 -141.1698
1785376577.226 55.3325 -141.1698
1785376577.276 55.3325 -141.1698
1785376577.326 55.3325 -141.1698
1785376577.376 55.3325 -141.1698
1785376577.426 55.3325 -141.1698
1785376577.476 55.3325 -141.1698
1785376577.526 55.3325 -141.1698
1785376577.577 55.3325 -141.1698
1785376577.627 55.3325 -141.1698
1785376577.677 55.3325 -141.1698
1785376577.727 55.3325 -141.1698
1785376577.777 55.3325 -141.1698
1785376577.827 55.3325 -141.1698
1785376577.877 55.3325 -141.1698
1785376577.928 55.3325 -141.1698
1785376577.978 55.3325 -141.1698
1785376578.028 55.3325 -141.1698
1785376578.078 55.3325 -141.1698
1785376578.128 55.3325 -141.1698
1785376578.178 55.3325 -141.1698
1785376578.228 55.3325 -141.1698
1785376578.278 55.3325 -141.1698
1785376578.329 55.3325 -141.1698
1785376578.379 55.3325 -141.1698
1785376578.429 55.3325 -141.1698
1785376578.479 55.3325 -141.1698
1785376578.529 55.3325 -141.1698
1785376578.579 55.3325 -141.1698
1785376578.629 55.3325 -141.1698
1785376578.679 55.3325 -141.1698
1785376578.730 55.3325 -141.1698
1785376578.780 55.3325 -141.1698
1785376578.830 55.3325 -141.1698
1785376578.880 55.3325 -141.1698
1785376578.930 55.3325 -141.1698
1785376578.981 55.3325 -141.1698
1785376579.031 55.3325 -141.1698
1785376579.081 55.3325 -141.1698
1785376579.131 55.3325 -141.1698
1785376579.181 55.3325 -141.1698
1785376579.232 55.3325 -141.1698
1785376579.282 55.3325 -141.1698
1785376579.332 55.3325 -141.1698
1785376579.382 55.3325 -141.1698
1785376579.432 55.3325 -141.1698
1785376579.483 55.3325 -141.1698
1785376579.533 55.3325 -141.1698
1785376579.583 55.3325 -141.1698
1785376579.633 55.3325 -141.1698
1785376579.683 55.3325 -141.1698
1785376579.733 55.3325 -141.1698
1785376579.783 55.3325 -141.1698
1785376579.834 55.3325 -141.1698
1785376579.884 55.3325 -141.1698
1785376579.934 55.3325 -141.1698
1785376579.984 55.3325 -141.1698
1785376580.034 55.3325 -141.1698
1785376580.084 55.3325 -141.1698
1785376580.134 55.3325 -141.1698
1785376580.184 55.3325 -141.1698
1785376580.235 55.3325 -141.1698
1785376580.285 55.3325 -141.1698
1785376580.335 55.3325 -141.1698
1785376580.385 55.3325 -141.1698
1785376580.435 55.3325 -141.1698
1785376580.485 55.3325 -141.1698
1785376580.535 55.3325 -141.1698
1785376580.585 55.3325 -141.1698
1785376580.636 55.3325 -141.1698
1785376580.686 55.3325 -141.1698
1785376580.736 55.3325 -141.1698
1785376580.786 55.3325 -141.1698
1785376580.836 55.3325 -141.1698
1785376580.886 55.3325 -141.1698
1785376580.936 55.3325 -141.1698
1785376580.986 55.3325 -141.1698
1785376581.036 55.3325 -141.1698
1785376581.087 55.3325 -141.1698
1785376581.137 55.3325 -141.1698
1785376581.187 55.3325 -141.1698
1785376581.237 55.3325 -141.1698
1785376581.287 55.3325 -141.1698
1785376581.337 55.3325 -141.1698
1785376581.387 55.3325 -141.1698
1785376581.437 55.3325 -141.1698
1785376581.487 55.3325 -141.1698
1785376581.538 55.3325 -141.1698
1785376581.588 55.3325 -141.1698
1785376581.638 55.3325 -141.1698
1785376581.688 55.3325 -141.1698
1785376581.738 55.3325 -141.1698
1785376581.788 55.3325 -141.1698
1785376581.838 55.3325 -141.1698
1785376581.888 55.3325 -141.1698
1785376581.939 55.3325 -141.1698
1785376581.989 55.3325 -141.1698
1785376582.039 55.3325 -141.1698
1785376582.089 55.3325 -141.1698
1785376582.139 55.3325 -141.1698
1785376582.189 55.3325 -141.1698
1785376582.239 55.3325 -141.1698
1785376582.289 55.3325 -141.1698
1785376582.340 55.3325 -141.1698
1785376582.390 55.3325 -141.1698
1785376582.440 55.3325 -141.1698
1785376582.490 55.3325 -141.1698
1785376582.540 55.3325 -141.1698
1785376582.590 55.3325 -141.1698
1785376582.640 55.3325 -141.1698
1785376582.690 55.3325 -141.1698
1785376582.741 55.3325 -141.1698
1785376582.791 55.3325 -141.1698
1785376582.841 55.3325 -141.1698
1785376582.891 55.3325 -141.1698
1785376582.941 55.3325 -141.1698
1785376582.991 55.3325 -141.1698
1785376583.041 55.3325 -141.1698
1785376583.091 55.3325 -141.1698
1785376583.141 55.3325 -141.1698
1785376583.192 55.3325 -141.1698
1785376583.242 55.3325 -141.1698
1785376583.292 55.3325 -141.1698
1785376583.342 55.3325 -141.1698
1785376583.392 55.3325 -141.1698
1785376583.442 55.3325 -141.1698
1785376583.492 55.3325 -141.1698
1785376583.542 55.3325 -141.1698
1785376583.592 55.3325 -141.1698
1785376583.643 55.3325 -141.1698
1785376583.693 55.3325 -141.1698
1785376583.743 55.3325 -141.1698
1785376583.793 55.3325 -141.1698
1785376583.843 55.3325 -141.1698
1785376583.893 55.3325 -141.1698
1785376583.944 55.3325 -141.1698
1785376583.994 55.3325 -141.1698
1785376584.044 55.3325 -141.1698
1785376584.094 55.3325 -141.1698
1785376584.144 55.3325 -141.1698
1785376584.194 55.3325 -141.1698
1785376584.244 55.3325 -141.1698
1785376584.294 55.3325 -141.1698
1785376584.345 55.3325 -141.1698
1785376584.395 55.3325 -141.1698
1785376584.445 55.3325 -141.1698
1785376584.495 55.3325 -141.1698
1785376584.545 55.3325 -141.1698
1785376584.595 55.3325 -141.1698
1785376584.645 55.3325 -141.1698
1785376584.695 55.3325 -141.1698
1785376584.746 55.3325 -141.1698
1785376584.796 55.3325 -141.1698
1785376584.846 55.3325 -141.1698
1785376584.896 55.3325 -141.1698
1785376584.946 55.3325 -141.1698
1785376584.996 55.3325 -141.1698
1785376585.046 55.3325 -141.1698
1785376585.096 55.3325 -141.1698
1785376585.146 55.3325 -141.1698
1785376585.197 55.3325 -141.1698
1785376585.247 55.3325 -141.1698
1785376585.297 55.3325 -141.1698
1785376585.347 55.3325 -141.1698
1785376585.397 55.3325 -141.1698
1785376585.447 55.3325 -141.1698
1785376585.497 55.3325 -141.1698
1785376585.548 55.3325 -141.1698
1785376585.598 55.3325 -141.1698
1785376585.648 55.3325 -141.1698
1785376585.698 55.3325 -141.1698
1785376585.748 55.3325 -141.1698
1785376585.798 55.3325 -141.1698
1785376585.848 55.3325 -141.1698
1785376585.898 55.3325 -141.1698
1785376585.949 55.3325 -141.1698
1785376585.999 55.3325 -141.1698
1785376586.049 55.3325 -141.1698
1785376586.099 55.3325 -141.1698
1785376586.149 55.3325 -141.1698
1785376586.199 55.3325 -141.1698
1785376586.249 55.3325 -141.1698
1785376586.300 55.3325 -141.1698
1785376586.350 55.3325 -141.1698
1785376586.400 55.3325 -141.1698
1785376586.450 55.3325 -141.1698
1785376586.500 55.3325 -141.1698
1785376586.550 55.3325 -141.1698
1785376586.600 55.3325 -141.1698
1785376586.650 55.3325 -141.1698
1785376586.701 55.3325 -141.1698
1785376586.751 55.3325 -141.1698
1785376586.801 55.3325 -141.1698
1785376586.851 55.3325 -141.1698
1785376586.901 55.3325 -141.1698
1785376586.951 55.3325 -141.1698
1785376587.001 55.3325 -141.1698
1785376587.052 55.3325 -141.1698
1785376587.102 55.3325 -141.1698
1785376587.152 55.3325 -141.1698
1785376587.202 55.3325 -141.1698
1785376587.252 55.3325 -141.1698
1785376587.302 55.3325 -141.1698
1785376587.352 55.3325 -141.1698
1785376587.402 55.3325 -141.1698
1785376587.452 55.3325 -141.1698
1785376587.503 55.3325 -141.1698
1785376587.553 55.3325 -141.1698
1785376587.603 55.3325 -141.1698
1785376587.653 55.3325 -141.1698
1785376587.703 55.3325 -141.1698
1785376587.753 55.3325 -141.1698
1785376587.803 55.3325 -141.1698
1785376587.853 55.3325 -141.1698
1785376587.904 55.3325 -141.1698
1785376587.954 55.3325 -141.1698
1785376588.004 55.3325 -141.1698
1785376588.054 55.3325 -141.1698
1785376588.104 55.3325 -141.1698
1785376588.155 55.3325 -141.1698
1785376588.205 55.3325 -141.1698
1785376588.255 55.3325 -141.1698
1785376588.305 55.3325 -141.1698
1785376588.355 55.3325 -141.1698
1785376588.405 55.3325 -141.1698
1785376588.455 55.3325 -141.1698
1785376588.505 55.3325 -141.1698
1785376588.556 55.3325 -141.1698
1785376588.606 55.3325 -141.1698
1785376588.656 55.3325 -141.1698
1785376588.706 55.3325 -141.1698
1785376588.756 55.3325 -141.1698
