1785376569.214 54.9004 -140.8015
1785376569.254 55.0735 -141.1848
1785376569.307 54.8949 -141.0412
1785376569.359 55.0467 -141.2712
1785376569.408 55.0031 -140.9941
1785376569.457 55.0205 -141.1828
1785376569.508 54.9556 -140.9264
1785376569.556 55.0034 -141.1103
1785376569.608 54.9830 -141.0853
1785376569.657 55.0638 -141.1572
1785376569.709 54.9882 -140.8193
1785376569.759 55.1237 -141.1105
1785376569.808 54.9181 -140.8733
1785376569.860 54.8977 -141.1746
1785376569.909 54.9293 -140.7780
1785376569.960 54.9724 -141.2019
1785376570.012 54.9472 -141.0601
1785376570.057 54.9951 -141.1465
1785376570.107 54.9968 -141.0775
1785376570.159 55.0135 -141.1092
1785376570.209 54.8225 -141.0568
1785376570.260 54.9662 -141.0887
1785376570.310 54.9497 -140.7312
1785376570.360 55.0011 -141.1482
1785376570.409 54.9804 -141.0360
1785376570.465 55.5931 -141.1517
1785376570.510 54.8899 -141.1235
1785376570.560 55.0452 -141.1463
1785376570.613 54.9038 -140.9633
1785376570.658 55.0294 -141.2024
1785376570.710 54.9478 -140.6840
1785376570.759 55.0001 -141.0993
1785376570.814 54.9536 -140.5222
1785376570.860 55.0379 -141.2330
1785376570.912 54.9178 -141.1817
1785376570.959 55.1500 -141.0853
1785376571.013 54.9368 -141.0432
1785376571.064 54.9867 -141.1622
1785376571.112 54.9532 -141.3967
1785376571.160 54.9365 -141.1329
1785376571.212 54.9411 -141.0507
1785376571.265 55.0582 -141.1939
1785376571.312 54.9118 -140.7841
1785376571.362 55.0018 -141.2007
1785376571.411 54.8421 -141.0339
1785376571.464 55.0035 -141.1264
1785376571.510 55.0672 -140.9427
1785376571.560 54.9854 -141.1343
1785376571.612 54.8743 -141.1658
1785376571.663 54.9891 -141.1552
1785376571.715 55.0031 -140.7948
1785376571.762 55.0410 -141.1254
1785376571.812 54.9387 -140.9985
1785376571.863 54.9699 -141.1292
1785376571.915 54.8470 -141.1410
1785376571.964 55.0230 -141.1638
1785376572.012 54.9841 -140.6600
1785376572.063 55.0235 -141.1484
1785376572.112 54.9645 -141.0026
1785376572.162 55.0935 -141.2549
1785376572.214 54.9579 -141.1275
1785376572.265 55.0957 -141.2005
1785376572.313 54.9214 -141.1483
1785376572.364 55.0638 -141.1792
1785376572.416 54.9703 -140.9391
1785376572.467 55.0302 -141.1034
1785376572.512 54.9279 -141.0482
1785376572.563 55.0472 -141.1338
1785376572.613 54.9609 -140.9908
1785376572.663 55.0144 -141.1509
1785376572.719 55.0376 -140.6183
1785376572.763 55.0468 -141.2115
1785376572.813 54.9247 -141.0472
1785376572.864 54.9684 -141.2508
1785376572.915 54.9500 -140.9307
1785376572.963 55.0262 -141.1454
1785376573.015 54.9256 -140.9242
1785376573.068 55.0111 -141.1488
1785376573.115 54.9810 -140.9619
1785376573.167 55.0690 -141.1446
1785376573.216 54.9538 -140.9141
1785376573.266 55.0312 -141.1498
1785376573.316 54.9986 -141.0891
1785376573.370 55.1113 -141.2041
1785376573.418 54.9317 -140.9469
1785376573.465 54.9724 -141.1256
1785376573.515 54.9224 -141.0188
1785376573.566 55.0064 -141.1174
1785376573.617 54.7562 -141.1117
1785376573.664 54.9522 -141.1227
1785376573.714 54.9850 -140.9577
1785376573.765 55.0351 -141.2221
1785376573.816 54.9387 -141.1928
1785376573.864 55.0008 -141.1561
1785376573.917 54.9519 -140.7350
1785376573.966 54.9537 -141.1494
1785376574.015 54.9984 -141.0532
1785376574.069 55.1248 -141.1080
1785376574.115 54.9635 -140.9782
1785376574.167 55.0278 -141.1668
1785376574.217 54.9565 -141.0226
1785376574.271 55.1535 -141.1107
1785376574.321 54.9677 -140.9875
1785376574.367 55.0487 -141.1346
1785376574.416 54.8169 -141.0838
1785376574.472 55.2675 -141.1364
1785376574.518 54.9427 -140.8897
1785376574.574 55.2288 -141.1875
1785376574.619 54.9866 -140.9474
1785376574.669 54.9530 -141.1108
1785376574.717 54.9280 -140.9627
1785376574.770 54.9962 -141.2202
1785376574.818 54.8322 -141.0276
1785376574.870 55.0471 -141.2030
1785376574.922 54.9672 -140.5109
1785376574.969 55.0358 -141.1158
1785376575.021 54.9316 -140.5527
1785376575.071 55.0719 -141.1602
1785376575.118 54.9466 -140.9812
1785376575.170 55.0062 -141.1135
1785376575.219 54.9121 -140.9358
1785376575.269 55.0261 -141.1019
1785376575.321 55.0279 -140.9810
1785376575.372 55.0236 -141.1290
1785376575.419 55.0396 -140.8521
1785376575.472 54.9951 -141.1058
1785376575.519 54.9204 -141.0186
1785376575.571 55.1084 -141.1786
1785376575.620 54.9534 -140.9504
1785376575.672 54.9967 -141.1449
1785376575.719 54.8826 -140.9528
1785376575.769 54.9907 -141.1214
1785376575.822 54.9719 -140.9411
1785376575.870 54.9369 -141.1706
1785376575.920 55.0262 -140.8100
1785376575.972 55.0217 -141.2282
1785376576.022 54.9464 -141.0447
1785376576.070 54.9574 -141.1423
1785376576.121 54.9756 -140.7928
1785376576.174 55.0336 -141.1269
1785376576.223 54.9364 -140.7946
1785376576.273 55.0850 -141.1687
1785376576.324 54.9385 -140.7300
1785376576.375 55.0564 -141.1974
1785376576.421 54.9763 -141.0130
1785376576.473 54.9946 -141.1725
1785376576.524 54.8727 -140.7652
1785376576.574 55.0928 -141.1442
1785376576.621 55.0639 -140.8200
1785376576.673 54.8989 -141.1635
1785376576.724 55.0234 -140.9399
1785376576.773 54.9769 -141.1816
1785376576.825 54.9851 -140.9559
1785376576.874 54.9430 -141.1235
1785376576.922 54.9723 -141.0609
1785376576.977 55.0686 -141.2226
1785376577.026 54.9674 -140.8064
1785376577.075 55.0818 -141.2043
1785376577.124 55.0016 -141.0594
1785376577.175 55.0782 -141.1279
1785376577.223 54.9445 -140.9555
1785376577.274 55.0054 -141.2031
1785376577.326 55.0166 -140.7510
1785376577.374 54.9924 -141.1439
1785376577.424 55.1060 -141.0147
1785376577.474 55.2278 -141.1436
1785376577.527 54.9959 -140.8277
1785376577.580 55.4418 -141.1917
1785376577.625 55.0594 -140.9954
1785376577.678 55.4013 -141.1237
1785376577.726 54.9802 -140.7210
1785376577.775 54.9660 -141.1920
1785376577.826 54.9781 -140.7064
1785376577.876 55.0237 -141.1571
1785376577.928 55.0014 -140.8970
1785376577.978 55.0976 -141.1066
1785376578.028 54.9949 -140.6736
1785376578.076 55.1057 -141.1438
1785376578.126 54.9959 -140.8097
1785376578.177 55.0564 -141.1868
1785376578.228 54.9164 -140.7540
1785376578.280 55.2321 -141.1602
1785376578.327 54.9509 -140.7232
1785376578.378 55.0625 -141.1136
1785376578.430 55.1140 -140.9503
1785376578.476 55.0712 -141.1615
1785376578.527 55.0087 -141.0220
1785376578.576 55.0786 -141.1462
1785376578.627 55.1134 -140.7103
1785376578.678 55.1149 -141.1734
1785376578.726 55.0338 -140.7302
1785376578.785 55.6379 -141.1622
1785376578.828 55.0662 -141.0762
1785376578.877 55.0881 -141.1327
1785376578.927 54.9840 -141.1206
1785376578.981 55.0008 -141.1584
1785376579.028 54.8413 -141.1314
1785376579.078 55.0498 -141.1918
1785376579.127 55.0484 -141.0590
1785376579.176 55.0789 -141.1472
1785376579.230 54.9721 -140.4627
1785376579.280 55.0300 -141.1535
1785376579.328 55.0614 -141.0611
1785376579.379 55.1020 -141.1115
1785376579.429 54.9328 -141.0040
1785376579.481 55.0164 -141.1979
1785376579.528 54.9666 -140.9284
1785376579.582 55.0876 -141.1012
1785376579.632 54.9922 -140.4625
1785376579.681 55.0431 -141.1610
1785376579.731 54.9363 -140.9252
1785376579.780 55.0408 -141.1628
1785376579.831 55.0140 -140.9955
1785376579.882 55.0190 -141.2401
1785376579.931 54.9065 -141.2002
1785376579.984 55.0560 -141.1819
1785376580.031 54.9377 -140.9507
1785376580.082 55.0409 -141.2415
1785376580.131 55.0279 -140.6699
1785376580.181 55.0302 -141.1460
1785376580.233 54.9778 -140.5107
1785376580.281 55.0364 -141.1464
1785376580.332 55.0443 -140.7964
1785376580.383 55.0742 -141.1577
1785376580.432 54.8932 -141.0271
1785376580.481 54.9922 -141.1127
1785376580.530 54.9179 -141.0366
1785376580.582 55.0914 -141.1473
1785376580.633 54.9961 -140.8772
1785376580.681 54.9277 -141.1964
1785376580.733 54.9904 -140.6763
1785376580.782 55.0102 -141.1224
1785376580.834 55.0104 -140.7876
1785376580.883 55.0106 -141.1310
1785376580.935 54.9134 -141.4087
1785376580.984 55.0151 -141.1709
1785376581.033 54.9190 -141.0373
1785376581.083 55.0558 -141.1888
1785376581.134 54.9024 -140.8786
1785376581.186 55.0316 -141.0843
1785376581.233 54.8523 -141.0661
1785376581.288 55.1957 -141.2443
1785376581.334 55.0327 -141.0291
1785376581.385 55.1033 -141.2036
1785376581.431 55.0080 -141.0045
1785376581.481 55.0240 -141.1879
1785376581.532 54.8639 -141.0408
1785376581.585 55.0013 -141.1566
1785376581.634 54.9063 -140.4646
1785376581.686 55.0398 -141.1892
1785376581.735 54.9634 -140.8238
1785376581.782 54.9963 -141.1634
1785376581.835 55.0066 -140.7650
1785376581.883 55.1032 -141.1150
1785376581.932 54.9763 -140.9565
1785376581.984 54.9525 -141.1544
1785376582.038 54.8287 -141.0157
1785376582.083 54.9073 -141.2047
1785376582.135 54.9940 -140.9744
1785376582.186 55.1302 -141.1308
1785376582.237 54.9035 -141.0084
1785376582.284 55.1358 -141.2168
1785376582.335 54.9487 -141.1554
1785376582.384 54.9882 -141.1551
1785376582.434 55.0204 -141.0143
1785376582.489 55.0125 -141.1468
1785376582.537 54.8899 -140.9471
1785376582.587 55.0392 -141.1108
1785376582.634 54.9672 -140.8994
1785376582.688 55.1110 -141.2362
1785376582.737 54.8658 -141.0101
1785376582.789 54.9818 -141.1583
1785376582.838 54.9007 -140.9906
1785376582.888 54.9973 -141.1830
1785376582.940 54.9592 -140.7035
1785376582.989 55.0266 -141.1443
1785376583.039 54.9540 -140.9566
1785376583.086 54.8619 -141.1812
1785376583.138 55.0350 -140.6303
1785376583.187 54.9597 -141.2583
1785376583.236 55.0663 -140.9460
1785376583.289 54.9295 -141.1834
1785376583.343 54.7870 -141.1577
1785376583.389 54.9702 -141.2290
1785376583.437 54.9503 -140.9617
1785376583.488 55.0897 -141.0771
1785376583.537 54.9368 -140.9455
1785376583.589 54.9073 -141.1703
1785376583.636 54.9635 -140.8631
1785376583.690 55.0074 -141.1996
1785376583.739 54.9048 -141.1706
1785376583.789 55.1570 -141.1672
1785376583.840 54.9811 -141.0071
1785376583.889 55.0402 -141.1418
1785376583.939 54.9749 -140.7869
1785376583.989 54.9724 -141.1880
1785376584.041 54.9897 -140.7518
1785376584.094 55.1021 -141.1309
1785376584.139 54.9670 -140.7678
1785376584.191 54.9798 -141.2905
1785376584.240 54.9208 -140.9696
1785376584.296 55.2961 -141.1511
1785376584.341 54.8677 -141.1527
1785376584.389 54.9791 -141.2271
1785376584.444 54.8429 -140.9865
1785376584.490 54.9907 -141.1295
1785376584.541 54.9736 -141.0637
1785376584.595 55.0444 -141.2050
1785376584.643 54.8490 -140.7749
1785376584.691 55.1081 -141.3546
1785376584.742 54.9824 -141.1632
1785376584.793 55.0509 -141.1681
1785376584.842 54.9687 -140.9982
1785376584.891 54.9807 -141.1101
1785376584.940 54.9874 -140.9002
1785376584.995 55.0786 -141.1654
1785376585.044 54.9886 -140.8215
1785376585.092 55.0454 -141.1961
1785376585.141 54.8726 -141.0696
1785376585.193 55.0933 -141.1313
1785376585.243 54.9329 -140.7711
1785376585.293 55.0232 -141.1390
1785376585.343 55.0025 -141.0368
1785376585.394 54.9876 -141.1276
1785376585.442 54.9933 -141.0540
1785376585.493 55.0114 -141.2092
1785376585.543 55.0209 -140.7616
1785376585.593 54.9965 -141.2280
1785376585.643 54.8425 -141.1212
1785376585.693 55.1874 -141.1906
1785376585.746 55.0565 -140.6347
1785376585.795 55.0282 -141.2101
1785376585.840 54.8943 -141.0414
1785376585.894 55.0319 -141.1671
1785376585.943 54.9358 -141.0655
1785376585.992 54.9301 -141.1770
1785376586.042 54.9739 -140.9754
1785376586.093 55.1461 -141.1323
1785376586.145 54.9668 -141.0630
1785376586.196 55.0115 -141.1306
1785376586.242 54.9582 -141.0071
1785376586.293 55.0275 -141.1981
1785376586.345 54.9353 -140.7371
1785376586.394 55.0379 -141.1425
1785376586.445 55.0105 -140.7066
1785376586.493 55.0668 -141.1697
1785376586.545 55.0100 -140.9765
1785376586.595 54.9483 -141.2044
1785376586.645 54.9039 -140.9598
1785376586.697 54.9977 -141.1830
1785376586.746 54.8846 -140.9411
1785376586.796 55.0662 -141.1367
1785376586.843 54.9393 -140.9849
1785376586.898 54.9028 -141.2366
1785376586.944 54.9860 -141.0606
1785376587.003 55.4418 -141.1546
1785376587.045 54.9616 -140.7778
1785376587.098 55.3579 -141.1127
1785376587.148 54.9676 -140.7460
1785376587.195 54.9860 -141.1685
1785376587.245 55.0219 -140.6781
1785376587.297 55.0747 -141.1832
1785376587.345 54.9911 -140.9421
1785376587.395 55.0747 -141.1043
1785376587.445 55.0021 -141.0592
1785376587.502 55.3650 -141.1334
1785376587.550 54.8212 -141.4205
1785376587.600 55.1992 -141.1958
1785376587.650 54.9710 -140.7440
1785376587.697 55.0201 -141.1956
1785376587.746 55.0078 -140.7653
1785376587.798 55.0643 -141.1548
1785376587.848 54.9547 -140.7606
1785376587.897 55.0736 -141.0805
1785376587.952 54.9861 -141.0177
1785376588.000 55.0271 -141.2719
1785376588.047 54.9289 -141.1077
1785376588.099 55.0574 -141.1337
1785376588.149 55.0353 -140.7106
1785376588.199 54.9801 -141.1634
1785376588.248 54.8796 -141.0774
1785376588.297 55.0476 -141.1899
1785376588.349 55.0343 -141.0628
1785376588.398 55.0560 -141.1105
1785376588.449 55.1134 -140.7209
1785376588.500 55.0269 -141.2881
1785376588.550 55.0371 -140.7059
1785376588.600 55.0425 -141.1759
1785376588.649 55.0197 -141.0410
1785376588.700 55.0074 -141.0927
1785376588.751 54.9944 -140.8030
1785376588.799 55.1354 -141.2710
1785376588.848 55.0160 -141.0846
1785376588.902 54.9953 -141.2597
1785376588.947 55.0477 -141.0725
1785376589.002 55.0605 -141.0994
1785376589.049 54.9144 -140.9297
1785376589.100 55.0301 -141.1760
1785376589.152 54.8703 -140.8944
1785376589.202 55.0629 -141.1725
