topic,header_stamp_ns,arrival_system_ns,arrival_steady_ns,clock_ns,size_bytes
/localization/kinematic_state,85600001275,1785623979119403708,109998255100975,-1,0
/sensing/lidar/top/pointcloud_raw_ex,85600001275,1785623979152549509,109998288247199,-1,106604
/tf,85650001276,1785623979162800638,109998298498008,85650001276,0
/localization/kinematic_state,85650001276,1785623979163169667,109998298866712,85650001276,0
/tf,85700001277,1785623979210688185,109998346385454,85700001277,0
/localization/kinematic_state,85700001277,1785623979211364149,109998347061274,85700001277,0
/sensing/lidar/top/pointcloud_raw_ex,85700001277,1785623979220164127,109998355861889,85700001277,105884
/tf,85750001277,1785623979260017744,109998395715011,85750001277,0
/localization/kinematic_state,85750001277,1785623979261926030,109998397623278,85750001277,0
/sensing/lidar/top/pointcloud_raw_ex,85750001277,1785623979278444382,109998414141957,85750001277,112764
/localization/pose_estimator/pose_with_covariance,85750001277,1785623979292055286,109998427752581,85750001277,0
/tf,85800001278,1785623979310457451,109998446154672,85800001278,0
/localization/kinematic_state,85800001278,1785623979310511492,109998446208369,85800001278,0
/sensing/lidar/top/pointcloud_raw_ex,85800001278,1785623979322935701,109998458633594,85800001278,107708
/localization/pose_estimator/pose_with_covariance,85800001278,1785623979342324989,109998478022394,85800001278,0
/control/command/control_cmd,85700001277,1785623979356949884,109998492647568,85800001278,80
/tf,85850001279,1785623979360875557,109998496572804,85850001279,0
/localization/kinematic_state,85850001279,1785623979365603742,109998501301073,85850001279,0
/sensing/lidar/top/pointcloud_raw_ex,85850001279,1785623979377175640,109998512873482,85850001279,113756
/tf,85900001280,1785623979410997443,109998546694669,85900001280,0
/localization/kinematic_state,85900001280,1785623979411300044,109998546997057,85900001280,0
/sensing/lidar/top/pointcloud_raw_ex,85900001280,1785623979423360669,109998559058603,85900001280,106908
/control/command/control_cmd,85900001280,1785623979428139018,109998563836740,85900001280,80
/localization/pose_estimator/pose_with_covariance,85900001280,1785623979455961222,109998591658766,85900001280,0
/localization/kinematic_state,85950001280,1785623979461361442,109998597058864,85950001280,0
/tf,85950001280,1785623979461386867,109998597083724,85950001280,0
/sensing/lidar/top/pointcloud_raw_ex,85950001280,1785623979471848142,109998607545980,85950001280,115020
/localization/kinematic_state,86000001281,1785623979510772788,109998646469999,86000001281,0
/tf,86000001281,1785623979510799735,109998646496576,86000001281,0
/localization/pose_estimator/pose_with_covariance,85950001280,1785623979513395795,109998649093032,86000001281,0
/sensing/lidar/top/pointcloud_raw_ex,86000001281,1785623979520812126,109998656509795,86000001281,107356
/control/command/control_cmd,86000001281,1785623979523607186,109998659305034,86000001281,80
/tf,86050001282,1785623979559980990,109998695678264,86050001282,0
/localization/kinematic_state,86050001282,1785623979560274532,109998695971552,86050001282,0
/sensing/lidar/top/pointcloud_raw_ex,86050001282,1785623979572513659,109998708211140,86050001282,113484
/tf,86100001282,1785623979612295912,109998747993203,86100001282,0
/localization/kinematic_state,86100001282,1785623979612342880,109998748039740,86100001282,0
/sensing/lidar/top/pointcloud_raw_ex,86100001282,1785623979623740948,109998759438550,86100001282,105660
/tf,86150001283,1785623979661697625,109998797394839,86150001283,0
/localization/kinematic_state,86150001283,1785623979662409353,109998798106430,86150001283,0
/control/command/control_cmd,86100001282,1785623979671106749,109998806804553,86150001283,80
/sensing/lidar/top/pointcloud_raw_ex,86150001283,1785623979674056837,109998809754552,86150001283,115420
/tf,86200001284,1785623979711979835,109998847677115,86200001284,0
/localization/kinematic_state,86200001284,1785623979712289684,109998847986713,86200001284,0
/localization/pose_estimator/pose_with_covariance,86000001281,1785623979721983633,109998857680934,86200001284,0
/sensing/lidar/top/pointcloud_raw_ex,86200001284,1785623979722528512,109998858225614,86200001284,106796
/control/command/control_cmd,86250001285,1785623979763114201,109998898811934,86250001285,80
/tf,86250001285,1785623979766450555,109998902147909,86250001285,0
/localization/kinematic_state,86250001285,1785623979766531681,109998902228624,86250001285,0
/sensing/lidar/top/pointcloud_raw_ex,86250001285,1785623979773609826,109998909307485,86250001285,113740
/localization/kinematic_state,86300001285,1785623979814951185,109998950648502,86300001285,0
/control/command/control_cmd,86300001285,1785623979817282044,109998952979367,86300001285,80
/tf,86300001285,1785623979818478055,109998954175168,86300001285,0
/sensing/lidar/top/pointcloud_raw_ex,86300001285,1785623979820146439,109998955844132,86300001285,108300
/tf,86350001286,1785623979868542886,109999004240219,86350001286,0
/localization/kinematic_state,86350001286,1785623979868641023,109999004338035,86350001286,0
/sensing/lidar/top/pointcloud_raw_ex,86350001286,1785623979875463906,109999011161414,86350001286,113180
/localization/kinematic_state,86400001287,1785623979911747361,109999047444791,86400001287,0
/tf,86400001287,1785623979912658024,109999048355009,86400001287,0
/sensing/lidar/top/pointcloud_raw_ex,86400001287,1785623979920914359,109999056612008,86400001287,107996
/localization/kinematic_state,86450001288,1785623979963080944,109999098778160,86450001288,0
/tf,86450001288,1785623979967469477,109999103166725,86450001288,0
/sensing/lidar/top/pointcloud_raw_ex,86450001288,1785623979972932532,109999108630042,86450001288,114284
/localization/kinematic_state,86500001288,1785623980011105223,109999146802486,86500001288,0
/tf,86500001288,1785623980013768369,109999149465590,86500001288,0
/sensing/lidar/top/pointcloud_raw_ex,86500001288,1785623980022841910,109999158539447,86500001288,107084
/localization/pose_estimator/pose_with_covariance,86450001288,1785623980028239983,109999163937423,86500001288,0
/localization/kinematic_state,86550001289,1785623980063464646,109999199161749,86550001289,0
/tf,86550001289,1785623980066424171,109999202121626,86550001289,0
/sensing/lidar/top/pointcloud_raw_ex,86550001289,1785623980071086794,109999206784393,86550001289,113836
/localization/kinematic_state,86600001290,1785623980115605726,109999251302957,86600001290,0
/tf,86600001290,1785623980118254627,109999253952007,86600001290,0
/sensing/lidar/top/pointcloud_raw_ex,86600001290,1785623980120330847,109999256028267,86600001290,107052
/localization/kinematic_state,86650001291,1785623980161935485,109999297632630,86650001291,0
/tf,86650001291,1785623980163769445,109999299466576,86650001291,0
/sensing/lidar/top/pointcloud_raw_ex,86650001291,1785623980176177036,109999311874519,86650001291,115052
/control/command/control_cmd,86600001290,1785623980207355462,109999343053056,86650001291,80
/localization/kinematic_state,86700001291,1785623980214921634,109999350618668,86700001291,0
/tf,86700001291,1785623980215865353,109999351562331,86700001291,0
/control/command/control_cmd,86700001291,1785623980218333713,109999354031122,86700001291,80
/sensing/lidar/top/pointcloud_raw_ex,86700001291,1785623980223175302,109999358872702,86700001291,107100
/tf,86750001292,1785623980263581882,109999399279105,86750001292,0
/localization/kinematic_state,86750001292,1785623980263968884,109999399665919,86750001292,0
/sensing/lidar/top/pointcloud_raw_ex,86750001292,1785623980274189388,109999409887055,86750001292,114652
/localization/kinematic_state,86800001293,1785623980312499195,109999448196471,86800001293,0
/tf,86800001293,1785623980313599069,109999449296148,86800001293,0
/sensing/lidar/top/pointcloud_raw_ex,86800001293,1785623980322864668,109999458562301,86800001293,107052
/localization/pose_estimator/pose_with_covariance,86800001293,1785623980366889130,109999502586676,86850001294,0
/localization/kinematic_state,86850001294,1785623980367774072,109999503471292,86850001294,0
/tf,86850001294,1785623980367790956,109999503487807,86850001294,0
/sensing/lidar/top/pointcloud_raw_ex,86850001294,1785623980377010712,109999512708512,86850001294,114892
/tf,86900001294,1785623980415104581,109999550801681,86900001294,0
/localization/kinematic_state,86900001294,1785623980415575064,109999551272155,86900001294,0
/sensing/lidar/top/pointcloud_raw_ex,86900001294,1785623980425889350,109999561586900,86900001294,106540
/tf,86950001295,1785623980464595746,109999600292973,86950001295,0
/localization/kinematic_state,86950001295,1785623980465352683,109999601049613,86950001295,0
/sensing/lidar/top/pointcloud_raw_ex,86950001295,1785623980474248698,109999609946288,86950001295,115004
/control/command/control_cmd,86950001295,1785623980506464227,109999642162079,86950001295,80
/tf,87000001296,1785623980520972292,109999656669643,87000001296,0
/localization/kinematic_state,87000001296,1785623980521020403,109999656717233,87000001296,0
/sensing/lidar/top/pointcloud_raw_ex,87000001296,1785623980524046734,109999659744556,87000001296,105596
/tf,87050001297,1785623980561441541,109999697138607,87050001297,0
/localization/kinematic_state,87050001297,1785623980561489685,109999697186526,87050001297,0
/sensing/lidar/top/pointcloud_raw_ex,87050001297,1785623980577372588,109999713070335,87050001297,113676
/localization/pose_estimator/pose_with_covariance,86950001295,1785623980587669003,109999723366445,87050001297,0
/tf,87100001297,1785623980612634871,109999748332205,87100001297,0
/localization/kinematic_state,87100001297,1785623980614810555,109999750507671,87100001297,0
/control/command/control_cmd,87000001296,1785623980623993107,109999759690866,87100001297,80
/sensing/lidar/top/pointcloud_raw_ex,87100001297,1785623980624741844,109999760439411,87100001297,106204
/localization/pose_estimator/pose_with_covariance,87050001297,1785623980629718238,109999765415478,87100001297,0
/localization/kinematic_state,87150001298,1785623980665253890,109999800951144,87150001298,0
/tf,87150001298,1785623980665998017,109999801695054,87150001298,0
/sensing/lidar/top/pointcloud_raw_ex,87150001298,1785623980675647673,109999811345542,87150001298,114444
/tf,87200001299,1785623980722927915,109999858625141,87200001299,0
/localization/kinematic_state,87200001299,1785623980723296898,109999858993852,87200001299,0
/sensing/lidar/top/pointcloud_raw_ex,87200001299,1785623980725398767,109999861095930,87200001299,106428
/localization/pose_estimator/pose_with_covariance,87100001297,1785623980738740026,109999874437337,87200001299,0
/tf,87250001300,1785623980767574588,109999903271816,87250001300,0
/localization/kinematic_state,87250001300,1785623980767672076,109999903368986,87250001300,0
/sensing/lidar/top/pointcloud_raw_ex,87250001300,1785623980776026737,109999911724358,87250001300,115500
/tf,87300001300,1785623980816407908,109999952105164,87300001300,0
/localization/kinematic_state,87300001300,1785623980816478929,109999952175863,87300001300,0
/control/command/control_cmd,87250001300,1785623980818055884,109999953753124,87300001300,80
/sensing/lidar/top/pointcloud_raw_ex,87300001300,1785623980830167616,109999965865164,87300001300,106332
/localization/kinematic_state,87350001301,1785623980865844818,110000001542151,87350001301,0
/tf,87350001301,1785623980866228017,110000001924975,87350001301,0
/sensing/lidar/top/pointcloud_raw_ex,87350001301,1785623980878187825,110000013885349,87350001301,114156
/localization/kinematic_state,87400001302,1785623980919417793,110000055114951,87400001302,0
/tf,87400001302,1785623980925359142,110000061056356,87400001302,0
/sensing/lidar/top/pointcloud_raw_ex,87400001302,1785623980928466034,110000064163616,87400001302,107756
/control/command/control_cmd,87400001302,1785623980961247538,110000096945123,87400001302,80
/tf,87450001303,1785623980970604646,110000106302055,87450001303,0
/localization/kinematic_state,87450001303,1785623980970650348,110000106347211,87450001303,0
/sensing/lidar/top/pointcloud_raw_ex,87450001303,1785623980981498703,110000117196234,87450001303,114060
/localization/kinematic_state,87500001303,1785623981017120688,110000152817929,87500001303,0
/tf,87500001303,1785623981018286112,110000153983273,87500001303,0
/sensing/lidar/top/pointcloud_raw_ex,87500001303,1785623981029653314,110000165350837,87500001303,107628
/tf,87550001304,1785623981062979578,110000198676788,87550001304,0
/localization/kinematic_state,87550001304,1785623981063103209,110000198800274,87550001304,0
/sensing/lidar/top/pointcloud_raw_ex,87550001304,1785623981078298203,110000213995764,87550001304,113500
/control/command/control_cmd,87450001303,1785623981082182731,110000217880389,87550001304,80
/localization/kinematic_state,87600001305,1785623981117379221,110000253076482,87600001305,0
/tf,87600001305,1785623981117403480,110000253100434,87600001305,0
/control/command/control_cmd,87600001305,1785623981120555645,110000256253382,87600001305,80
/sensing/lidar/top/pointcloud_raw_ex,87600001305,1785623981130678348,110000266376430,87600001305,107548
/localization/pose_estimator/pose_with_covariance,87450001303,1785623981148393035,110000284090166,87600001305,0
/control/command/control_cmd,87650001306,1785623981173733234,110000309430978,87650001306,80
/tf,87650001306,1785623981174587342,110000310284321,87650001306,0
/localization/kinematic_state,87650001306,1785623981179932392,110000315629655,87650001306,0
/sensing/lidar/top/pointcloud_raw_ex,87650001306,1785623981184796558,110000320494028,87650001306,114940
/tf,87700001306,1785623981214888699,110000350586022,87700001306,0
/localization/kinematic_state,87700001306,1785623981215225889,110000350922955,87700001306,0
/control/command/control_cmd,87700001306,1785623981216242459,110000351939700,87700001306,80
/sensing/lidar/top/pointcloud_raw_ex,87700001306,1785623981225507207,110000361205064,87700001306,106860
/localization/kinematic_state,87750001307,1785623981267696307,110000403393669,87750001307,0
/tf,87750001307,1785623981269056717,110000404753962,87750001307,0
/sensing/lidar/top/pointcloud_raw_ex,87750001307,1785623981282948766,110000418646340,87750001307,115468
/localization/kinematic_state,87800001308,1785623981324627267,110000460324540,87800001308,0
/control/command/control_cmd,87750001307,1785623981324643124,110000460339950,87800001308,80
/control/command/control_cmd,87800001308,1785623981327163531,110000462861228,87800001308,80
/sensing/lidar/top/pointcloud_raw_ex,87800001308,1785623981330577959,110000466275737,87800001308,107724
/tf,87800001308,1785623981336789308,110000472486533,87800001308,0
/tf,87850001309,1785623981375526836,110000511224124,87850001309,0
/localization/kinematic_state,87850001309,1785623981376415413,110000512112620,87850001309,0
/sensing/lidar/top/pointcloud_raw_ex,87850001309,1785623981379205424,110000514902765,87850001309,114956
/localization/pose_estimator/pose_with_covariance,87750001307,1785623981408328497,110000544025723,87850001309,0
/localization/kinematic_state,87900001309,1785623981421122326,110000556819775,87900001309,0
/tf,87900001309,1785623981421598560,110000557295617,87900001309,0
/control/command/control_cmd,87850001309,1785623981425449654,110000561147272,87900001309,80
/sensing/lidar/top/pointcloud_raw_ex,87900001309,1785623981428464455,110000564162102,87900001309,106684
/tf,87950001310,1785623981466211214,110000601908571,87950001310,0
/localization/kinematic_state,87950001310,1785623981466794983,110000602491979,87950001310,0
/sensing/lidar/top/pointcloud_raw_ex,87950001310,1785623981479573164,110000615270865,87950001310,115260
/tf,88000001311,1785623981516651503,110000652348745,88000001311,0
/localization/kinematic_state,88000001311,1785623981516693060,110000652389920,88000001311,0
/sensing/lidar/top/pointcloud_raw_ex,88000001311,1785623981528801415,110000664499059,88000001311,107484
/tf,88050001312,1785623981566361992,110000702059323,88050001312,0
/localization/kinematic_state,88050001312,1785623981567135811,110000702832859,88050001312,0
/sensing/lidar/top/pointcloud_raw_ex,88050001312,1785623981579950895,110000715648577,88050001312,115980
/tf,88100001312,1785623981621432090,110000757129353,88100001312,0
/localization/kinematic_state,88100001312,1785623981622252115,110000757949249,88100001312,0
/sensing/lidar/top/pointcloud_raw_ex,88100001312,1785623981633636533,110000769334380,88100001312,106124
/localization/kinematic_state,88150001313,1785623981670353238,110000806105355,88150001313,0
/tf,88150001313,1785623981670435353,110000806132191,88150001313,0
/control/command/control_cmd,88050001312,1785623981671084753,110000806782187,88150001313,80
/sensing/lidar/top/pointcloud_raw_ex,88150001313,1785623981679400665,110000815098433,88150001313,115836
/control/command/control_cmd,88100001312,1785623981689086086,110000824783858,88150001313,80
/localization/kinematic_state,88200001314,1785623981724647501,110000860344706,88200001314,0
/tf,88200001314,1785623981725107383,110000860804464,88200001314,0
/sensing/lidar/top/pointcloud_raw_ex,88200001314,1785623981725923435,110000861620809,88200001314,107196
/localization/pose_estimator/pose_with_covariance,88100001312,1785623981746051282,110000881748422,88200001314,0
/tf,88250001315,1785623981767255804,110000902953008,88250001315,0
/localization/kinematic_state,88250001315,1785623981767753367,110000903450297,88250001315,0
/sensing/lidar/top/pointcloud_raw_ex,88250001315,1785623981781208770,110000916906390,88250001315,113372
/sensing/lidar/top/pointcloud_raw_ex,88300001315,1785623981827845077,110000963542748,88300001315,105868
/localization/kinematic_state,88300001315,1785623981831094069,110000966791427,88300001315,0
/tf,88300001315,1785623981831678566,110000967375587,88300001315,0
/control/command/control_cmd,88300001315,1785623981842887003,110000978584702,88300001315,80
/tf,88350001316,1785623981868742551,110001004439834,88350001316,0
/localization/kinematic_state,88350001316,1785623981868965091,110001004662141,88350001316,0
/sensing/lidar/top/pointcloud_raw_ex,88350001316,1785623981878107120,110001013804805,88350001316,113404
/tf,88400001317,1785623981917605168,110001053302355,88400001317,0
/localization/kinematic_state,88400001317,1785623981918034907,110001053731911,88400001317,0
/sensing/lidar/top/pointcloud_raw_ex,88400001317,1785623981930075381,110001065772953,88400001317,105868
/localization/kinematic_state,88450001318,1785623981968797278,110001104494404,88450001318,0
/tf,88450001318,1785623981968979361,110001104676244,88450001318,0
/sensing/lidar/top/pointcloud_raw_ex,88450001318,1785623981980123783,110001115821575,88450001318,116716
/control/command/control_cmd,88450001318,1785623982005352998,110001141050981,88450001318,80
/localization/kinematic_state,88500001318,1785623982021381336,110001157078545,88500001318,0
/tf,88500001318,1785623982022951014,110001158648168,88500001318,0
/sensing/lidar/top/pointcloud_raw_ex,88500001318,1785623982030868769,110001166566444,88500001318,105100
/control/command/control_cmd,88500001318,1785623982058561308,110001194258703,88500001318,80
/tf,88550001319,1785623982070047682,110001205744899,88550001319,0
/localization/kinematic_state,88550001319,1785623982070278526,110001205975416,88550001319,0
/sensing/lidar/top/pointcloud_raw_ex,88550001319,1785623982080565949,110001216263680,88550001319,114796
/control/command/control_cmd,88550001319,1785623982091416653,110001227114221,88550001319,80
/localization/pose_estimator/pose_with_covariance,88500001318,1785623982101574825,110001237271954,88550001319,0
/localization/kinematic_state,88600001320,1785623982121148434,110001256845577,88600001320,0
/tf,88600001320,1785623982122417898,110001258114862,88600001320,0
/sensing/lidar/top/pointcloud_raw_ex,88600001320,1785623982131781046,110001267478653,88600001320,106588
/tf,88650001320,1785623982170435794,110001306133014,88650001320,0
/localization/kinematic_state,88650001320,1785623982170482902,110001306179768,88650001320,0
/sensing/lidar/top/pointcloud_raw_ex,88650001320,1785623982181917465,110001317615302,88650001320,115020
/tf,88700001321,1785623982218147812,110001353845122,88700001321,0
/localization/kinematic_state,88700001321,1785623982218851620,110001354548676,88700001321,0
/sensing/lidar/top/pointcloud_raw_ex,88700001321,1785623982232063866,110001367761482,88700001321,107100
/tf,88750001322,1785623982268401563,110001404098691,88750001322,0
/localization/kinematic_state,88750001322,1785623982268535985,110001404233015,88750001322,0
/sensing/lidar/top/pointcloud_raw_ex,88750001322,1785623982282300444,110001417998063,88750001322,116012
/tf,88800001323,1785623982319654463,110001455351709,88800001323,0
/localization/kinematic_state,88800001323,1785623982319722773,110001455419700,88800001323,0
/sensing/lidar/top/pointcloud_raw_ex,88800001323,1785623982332116500,110001467814079,88800001323,107068
/localization/kinematic_state,88850001323,1785623982369443562,110001505140791,88850001323,0
/tf,88850001323,1785623982370472690,110001506169977,88850001323,0
/control/command/control_cmd,88800001323,1785623982377721885,110001513419641,88850001323,80
/sensing/lidar/top/pointcloud_raw_ex,88850001323,1785623982382227410,110001517924956,88850001323,115228
/tf,88900001324,1785623982419148884,110001554846075,88900001324,0
/localization/kinematic_state,88900001324,1785623982419550903,110001555247922,88900001324,0
/sensing/lidar/top/pointcloud_raw_ex,88900001324,1785623982432415969,110001568113614,88900001324,105996
/localization/kinematic_state,88950001325,1785623982471269754,110001606966956,88950001325,0
/tf,88950001325,1785623982473515876,110001609213101,88950001325,0
/sensing/lidar/top/pointcloud_raw_ex,88950001325,1785623982482838153,110001618535982,88950001325,113836
/localization/kinematic_state,89000001326,1785623982520147141,110001655844520,89000001326,0
/tf,89000001326,1785623982520169554,110001655866390,89000001326,0
/sensing/lidar/top/pointcloud_raw_ex,89000001326,1785623982532074941,110001667772818,89000001326,107660
/localization/pose_estimator/pose_with_covariance,89000001326,1785623982556615490,110001692312919,89000001326,0
/localization/kinematic_state,89050001326,1785623982575180007,110001710877335,89050001326,0
/tf,89050001326,1785623982576286643,110001711983908,89050001326,0
/sensing/lidar/top/pointcloud_raw_ex,89050001326,1785623982581909113,110001717606761,89050001326,115436
/localization/kinematic_state,89100001327,1785623982620635532,110001756332763,89100001327,0
/tf,89100001327,1785623982621819326,110001757516512,89100001327,0
/sensing/lidar/top/pointcloud_raw_ex,89100001327,1785623982633705179,110001769402733,89100001327,107260
/tf,89150001328,1785623982669870385,110001805567639,89150001328,0
/localization/kinematic_state,89150001328,1785623982669915166,110001805611999,89150001328,0
/sensing/lidar/top/pointcloud_raw_ex,89150001328,1785623982682290779,110001817988736,89150001328,113644
/control/command/control_cmd,89150001328,1785623982688295699,110001823993433,89150001328,80
/localization/kinematic_state,89200001329,1785623982721103503,110001856800771,89200001329,0
/tf,89200001329,1785623982721127479,110001856824337,89200001329,0
/sensing/lidar/top/pointcloud_raw_ex,89200001329,1785623982732989929,110001868687227,89200001329,107804
/localization/kinematic_state,89250001329,1785623982771285067,110001906982247,89250001329,0
/tf,89250001329,1785623982775277120,110001910974415,89250001329,0
/localization/pose_estimator/pose_with_covariance,89200001329,1785623982776676817,110001912373925,89250001329,0
/sensing/lidar/top/pointcloud_raw_ex,89250001329,1785623982783633248,110001919330733,89250001329,113116
/localization/kinematic_state,89300001330,1785623982826082939,110001961780306,89300001330,0
/sensing/lidar/top/pointcloud_raw_ex,89300001330,1785623982830427685,110001966125185,89300001330,106604
/tf,89300001330,1785623982831347125,110001967044528,89300001330,0
/localization/kinematic_state,89350001331,1785623982873356497,110002009053712,89350001331,0
/tf,89350001331,1785623982874034593,110002009731616,89350001331,0
/sensing/lidar/top/pointcloud_raw_ex,89350001331,1785623982882751489,110002018449074,89350001331,113484
/localization/kinematic_state,89400001332,1785623982921140271,110002056837598,89400001332,0
/tf,89400001332,1785623982921652037,110002057349081,89400001332,0
/sensing/lidar/top/pointcloud_raw_ex,89400001332,1785623982929785768,110002065483370,89400001332,105916
/localization/pose_estimator/pose_with_covariance,89350001331,1785623982945521896,110002081219022,89400001332,0
/localization/kinematic_state,89450001332,1785623982973458785,110002109155908,89450001332,0
/tf,89450001332,1785623982974687908,110002110385008,89450001332,0
/sensing/lidar/top/pointcloud_raw_ex,89450001332,1785623982983914091,110002119611609,89450001332,114012
/localization/kinematic_state,89500001333,1785623983025611536,110002161308819,89500001333,0
/tf,89500001333,1785623983027969351,110002163666597,89500001333,0
/sensing/lidar/top/pointcloud_raw_ex,89500001333,1785623983033116785,110002168814532,89500001333,107132
/tf,89550001334,1785623983071074853,110002206772076,89550001334,0
/localization/kinematic_state,89550001334,1785623983071371015,110002207068038,89550001334,0
/sensing/lidar/top/pointcloud_raw_ex,89550001334,1785623983084201989,110002219899629,89550001334,113772
/control/command/control_cmd,89550001334,1785623983096517316,110002232215158,89550001334,80
/localization/kinematic_state,89600001335,1785623983125074358,110002260771572,89600001335,0
/tf,89600001335,1785623983131338291,110002267035669,89600001335,0
/sensing/lidar/top/pointcloud_raw_ex,89600001335,1785623983134324650,110002270022394,89600001335,106988
/localization/kinematic_state,89650001335,1785623983172526761,110002308224102,89650001335,0
/tf,89650001335,1785623983178369910,110002314067200,89650001335,0
/sensing/lidar/top/pointcloud_raw_ex,89650001335,1785623983192230291,110002327928111,89650001335,115260
/tf,89700001336,1785623983223640847,110002359338057,89700001336,0
/localization/kinematic_state,89700001336,1785623983224529047,110002360226324,89700001336,0
/sensing/lidar/top/pointcloud_raw_ex,89700001336,1785623983234917766,110002370615348,89700001336,106636
/sensing/lidar/top/pointcloud_raw_ex,89750001337,1785623983286177140,110002421874582,89750001337,113724
/localization/kinematic_state,89750001337,1785623983291369998,110002427067080,89750001337,0
/tf,89750001337,1785623983291390785,110002427087620,89750001337,0
/tf,89800001338,1785623983324331736,110002460028963,89800001338,0
/localization/kinematic_state,89800001338,1785623983325330514,110002461027352,89800001338,0
/sensing/lidar/top/pointcloud_raw_ex,89800001338,1785623983336333800,110002472030622,89800001338,106892
/localization/pose_estimator/pose_with_covariance,89800001338,1785623983355460992,110002491158236,89800001338,0
/control/command/control_cmd,89800001338,1785623983368712109,110002504409640,89800001338,80
/tf,89850001338,1785623983379432763,110002515129985,89850001338,0
/localization/kinematic_state,89850001338,1785623983379688468,110002515385510,89850001338,0
/sensing/lidar/top/pointcloud_raw_ex,89850001338,1785623983391965026,110002527662798,89850001338,114012
/localization/pose_estimator/pose_with_covariance,89850001338,1785623983409371901,110002545069318,89850001338,0
/tf,89900001339,1785623983423561427,110002559258923,89900001339,0
/localization/kinematic_state,89900001339,1785623983425756527,110002561453729,89900001339,0
/sensing/lidar/top/pointcloud_raw_ex,89900001339,1785623983434673536,110002570371014,89900001339,107820
/localization/kinematic_state,89950001340,1785623983472466388,110002608163517,89950001340,0
/tf,89950001340,1785623983473324023,110002609020897,89950001340,0
/localization/pose_estimator/pose_with_covariance,89900001339,1785623983481632312,110002617329381,89950001340,0
/sensing/lidar/top/pointcloud_raw_ex,89950001340,1785623983484085925,110002619783317,89950001340,113900
/localization/pose_estimator/pose_with_covariance,89950001340,1785623983518146058,110002653843435,89950001340,0
/tf,90000001341,1785623983523734068,110002659431398,90000001341,0
/localization/kinematic_state,90000001341,1785623983523781625,110002659478467,90000001341,0
/sensing/lidar/top/pointcloud_raw_ex,90000001341,1785623983540377447,110002676075360,90000001341,106652
/tf,90050001341,1785623983580498294,110002716195542,90050001341,0
/localization/kinematic_state,90050001341,1785623983580593957,110002716290852,90050001341,0
/sensing/lidar/top/pointcloud_raw_ex,90050001341,1785623983586074739,110002721772454,90050001341,113804
/localization/pose_estimator/pose_with_covariance,90000001341,1785623983607881967,110002743579209,90050001341,0
/tf,90100001342,1785623983623985304,110002759682553,90100001342,0
/control/command/control_cmd,90100001342,1785623983627076151,110002762773803,90100001342,80
/localization/kinematic_state,90100001342,1785623983627467096,110002763164121,90100001342,0
/sensing/lidar/top/pointcloud_raw_ex,90100001342,1785623983633397232,110002769094744,90100001342,107212
/localization/pose_estimator/pose_with_covariance,90100001342,1785623983664370780,110002800067842,90100001342,0
/localization/kinematic_state,90150001343,1785623983681990784,110002817688199,90150001343,0
/tf,90150001343,1785623983685262262,110002820959489,90150001343,0
/sensing/lidar/top/pointcloud_raw_ex,90150001343,1785623983687474460,110002823171992,90150001343,114924
/tf,90200001344,1785623983731636026,110002867333234,90200001344,0
/localization/kinematic_state,90200001344,1785623983731973328,110002867670313,90200001344,0
/sensing/lidar/top/pointcloud_raw_ex,90200001344,1785623983739299593,110002874996965,90200001344,107340
/localization/pose_estimator/pose_with_covariance,90150001343,1785623983751909135,110002887606368,90200001344,0
/localization/kinematic_state,90250001344,1785623983774863003,110002910560313,90250001344,0
/tf,90250001344,1785623983774883358,110002910580221,90250001344,0
/sensing/lidar/top/pointcloud_raw_ex,90250001344,1785623983788050682,110002923748189,90250001344,114028
/localization/kinematic_state,90300001345,1785623983825807297,110002961504424,90300001345,0
/tf,90300001345,1785623983830621104,110002966318194,90300001345,0
/sensing/lidar/top/pointcloud_raw_ex,90300001345,1785623983837042542,110002972739925,90300001345,106860
/control/command/control_cmd,90200001344,1785623983837060656,110002972757504,90300001345,80
/localization/kinematic_state,90350001346,1785623983874320946,110003010018127,90350001346,0
/tf,90350001346,1785623983878692841,110003014390076,90350001346,0
/control/command/control_cmd,90250001344,1785623983882711104,110003018408501,90350001346,80
/sensing/lidar/top/pointcloud_raw_ex,90350001346,1785623983887265846,110003022963379,90350001346,113356
/localization/kinematic_state,90400001347,1785623983925253530,110003060950773,90400001347,0
/tf,90400001347,1785623983925959637,110003061656806,90400001347,0
/sensing/lidar/top/pointcloud_raw_ex,90400001347,1785623983932060031,110003067757839,90400001347,106108
/tf,90450001347,1785623983977617118,110003113314463,90450001347,0
/localization/kinematic_state,90450001347,1785623983977667334,110003113364325,90450001347,0
/sensing/lidar/top/pointcloud_raw_ex,90450001347,1785623983985347554,110003121045267,90450001347,114348
/localization/kinematic_state,90500001348,1785623984023276828,110003158973945,90500001348,0
/tf,90500001348,1785623984024656052,110003160353134,90500001348,0
/sensing/lidar/top/pointcloud_raw_ex,90500001348,1785623984035441412,110003171138880,90500001348,106012
/localization/kinematic_state,90550001349,1785623984074697890,110003210395021,90550001349,0
/tf,90550001349,1785623984075365039,110003211062108,90550001349,0
/control/command/control_cmd,90550001349,1785623984077320118,110003213017664,90550001349,80
/localization/pose_estimator/pose_with_covariance,90400001347,1785623984087857350,110003223554717,90550001349,0
/sensing/lidar/top/pointcloud_raw_ex,90550001349,1785623984096860871,110003232558530,90550001349,115964
/tf,90600001350,1785623984124650838,110003260348163,90600001350,0
/localization/kinematic_state,90600001350,1785623984127343433,110003263040832,90600001350,0
/sensing/lidar/top/pointcloud_raw_ex,90600001350,1785623984135686693,110003271384324,90600001350,105628
/localization/kinematic_state,90650001350,1785623984182498906,110003318196130,90650001350,0
/tf,90650001350,1785623984182535133,110003318231973,90650001350,0
/sensing/lidar/top/pointcloud_raw_ex,90650001350,1785623984188357746,110003324055794,90650001350,115036
/localization/kinematic_state,90700001351,1785623984228232106,110003363929390,90700001351,0
/tf,90700001351,1785623984232232014,110003367929087,90700001351,0
/sensing/lidar/top/pointcloud_raw_ex,90700001351,1785623984237338363,110003373035914,90700001351,105868
/sensing/lidar/top/pointcloud_raw_ex,90750001352,1785623984283633321,110003419330925,90750001352,113516
/tf,90750001352,1785623984285858241,110003421555353,90750001352,0
/localization/kinematic_state,90750001352,1785623984285930925,110003421627789,90750001352,0
/localization/kinematic_state,90800001353,1785623984325320805,110003461018031,90800001353,0
/tf,90800001353,1785623984326990916,110003462688083,90800001353,0
/sensing/lidar/top/pointcloud_raw_ex,90800001353,1785623984335077903,110003470775528,90800001353,105916
/localization/pose_estimator/pose_with_covariance,90700001351,1785623984369278697,110003504976002,90800001353,0
/tf,90850001353,1785623984376036361,110003511733627,90850001353,0
/localization/kinematic_state,90850001353,1785623984376163137,110003511860220,90850001353,0
/control/command/control_cmd,90800001353,1785623984385968812,110003521666305,90850001353,80
/sensing/lidar/top/pointcloud_raw_ex,90850001353,1785623984386694643,110003522392219,90850001353,114604
/localization/kinematic_state,90900001354,1785623984428472136,110003564169370,90900001354,0
/tf,90900001354,1785623984434581941,110003570279177,90900001354,0
/sensing/lidar/top/pointcloud_raw_ex,90900001354,1785623984436681500,110003572379284,90900001354,107228
/control/command/control_cmd,90900001354,1785623984445688639,110003581386382,90900001354,80
/control/command/control_cmd,90950001355,1785623984475967199,110003611664743,90950001355,80
/localization/kinematic_state,90950001355,1785623984478449245,110003614146368,90950001355,0
/tf,90950001355,1785623984479336234,110003615033285,90950001355,0
/sensing/lidar/top/pointcloud_raw_ex,90950001355,1785623984487607407,110003623304822,90950001355,115004
/tf,91000001356,1785623984533059876,110003668757033,91000001356,0
/localization/kinematic_state,91000001356,1785623984533289309,110003668986287,91000001356,0
/sensing/lidar/top/pointcloud_raw_ex,91000001356,1785623984535462348,110003671159851,91000001356,106700
/localization/kinematic_state,91050001356,1785623984579645117,110003715342387,91050001356,0
/tf,91050001356,1785623984581582086,110003717279299,91050001356,0
/sensing/lidar/top/pointcloud_raw_ex,91050001356,1785623984585636590,110003721333886,91050001356,114924
/localization/pose_estimator/pose_with_covariance,91000001356,1785623984606501692,110003742198971,91050001356,0
/localization/kinematic_state,91100001357,1785623984624652190,110003760349538,91100001357,0
/tf,91100001357,1785623984625364258,110003761061221,91100001357,0
/sensing/lidar/top/pointcloud_raw_ex,91100001357,1785623984637431876,110003773129521,91100001357,106988
/control/command/control_cmd,91100001357,1785623984660335819,110003796033584,91100001357,80
/tf,91150001358,1785623984674727096,110003810424272,91150001358,0
/localization/kinematic_state,91150001358,1785623984674814539,110003810511460,91150001358,0
/sensing/lidar/top/pointcloud_raw_ex,91150001358,1785623984685199073,110003820896591,91150001358,114764
/localization/kinematic_state,91200001358,1785623984729665661,110003865362886,91200001358,0
/tf,91200001358,1785623984733467897,110003869165178,91200001358,0
/sensing/lidar/top/pointcloud_raw_ex,91200001358,1785623984733631779,110003869328689,91200001358,105676
/localization/kinematic_state,91250001359,1785623984783970584,110003919667931,91250001359,0
/tf,91250001359,1785623984786106615,110003921803869,91250001359,0
/sensing/lidar/top/pointcloud_raw_ex,91250001359,1785623984789748578,110003925446320,91250001359,112956
/tf,91300001360,1785623984824359766,110003960057049,91300001360,0
/localization/kinematic_state,91300001360,1785623984824397776,110003960094653,91300001360,0
/sensing/lidar/top/pointcloud_raw_ex,91300001360,1785623984837240287,110003972938010,91300001360,106396
/control/command/control_cmd,91250001359,1785623984859344886,110003995042482,91300001360,80
/localization/kinematic_state,91350001361,1785623984876205069,110004011902338,91350001361,0
/tf,91350001361,1785623984876229207,110004011926046,91350001361,0
/sensing/lidar/top/pointcloud_raw_ex,91350001361,1785623984890491202,110004026188866,91350001361,114780
/control/command/control_cmd,91350001361,1785623984890500727,110004026197573,91350001361,80
/localization/kinematic_state,91400001361,1785623984929176321,110004064873662,91400001361,0
/tf,91400001361,1785623984930225909,110004065923032,91400001361,0
/sensing/lidar/top/pointcloud_raw_ex,91400001361,1785623984937352696,110004073050259,91400001361,107308
/tf,91450001362,1785623984973782455,110004109479722,91450001362,0
/localization/kinematic_state,91450001362,1785623984973849268,110004109546211,91450001362,0
/sensing/lidar/top/pointcloud_raw_ex,91450001362,1785623984986785239,110004122483103,91450001362,114684
/control/command/control_cmd,91400001361,1785623984991857366,110004127554964,91450001362,80
/tf,91500001363,1785623985024533923,110004160231093,91500001363,0
/localization/kinematic_state,91500001363,1785623985024572757,110004160269605,91500001363,0
/sensing/lidar/top/pointcloud_raw_ex,91500001363,1785623985036285742,110004171983413,91500001363,105356
/localization/pose_estimator/pose_with_covariance,91400001361,1785623985060504181,110004196201399,91500001363,0
/tf,91550001364,1785623985076120531,110004211817681,91550001364,0
/localization/kinematic_state,91550001364,1785623985076259426,110004211956319,91550001364,0
/control/command/control_cmd,91550001364,1785623985085349595,110004221047002,91550001364,80
/sensing/lidar/top/pointcloud_raw_ex,91550001364,1785623985086330380,110004222027510,91550001364,114924
/localization/kinematic_state,91600001364,1785623985128931812,110004264628936,91600001364,0
/tf,91600001364,1785623985129039034,110004264735905,91600001364,0
/sensing/lidar/top/pointcloud_raw_ex,91600001364,1785623985136424071,110004272121560,91600001364,107788
/control/command/control_cmd,91600001364,1785623985138287552,110004273984989,91600001364,80
/tf,91650001365,1785623985175842453,110004311539734,91650001365,0
/localization/kinematic_state,91650001365,1785623985175885648,110004311582512,91650001365,0
/sensing/lidar/top/pointcloud_raw_ex,91650001365,1785623985187767417,110004323465098,91650001365,114828
/tf,91700001366,1785623985224918725,110004360615947,91700001366,0
/localization/kinematic_state,91700001366,1785623985225042232,110004360739203,91700001366,0
/sensing/lidar/top/pointcloud_raw_ex,91700001366,1785623985238358873,110004374056630,91700001366,107644
/control/command/control_cmd,91700001366,1785623985260143906,110004395841667,91700001366,80
/tf,91750001367,1785623985279698274,110004415395590,91750001367,0
/localization/kinematic_state,91750001367,1785623985280021638,110004415718600,91750001367,0
/sensing/lidar/top/pointcloud_raw_ex,91750001367,1785623985290189188,110004425886980,91750001367,113068
/localization/pose_estimator/pose_with_covariance,91700001366,1785623985325873397,110004461570283,91800001367,0
/control/command/control_cmd,91750001367,1785623985326796004,110004462493107,91800001367,80
/tf,91800001367,1785623985327620679,110004463317706,91800001367,0
/localization/kinematic_state,91800001367,1785623985328043890,110004463740997,91800001367,0
/control/command/control_cmd,91800001367,1785623985333863869,110004469561740,91800001367,80
/sensing/lidar/top/pointcloud_raw_ex,91800001367,1785623985342166671,110004477864330,91800001367,107676
/tf,91850001368,1785623985376665299,110004512362421,91850001368,0
/localization/kinematic_state,91850001368,1785623985376703344,110004512400201,91850001368,0
/sensing/lidar/top/pointcloud_raw_ex,91850001368,1785623985388329230,110004524026885,91850001368,113852
/tf,91900001369,1785623985431020032,110004566717261,91900001369,0
/localization/kinematic_state,91900001369,1785623985431244277,110004566941336,91900001369,0
/sensing/lidar/top/pointcloud_raw_ex,91900001369,1785623985439729937,110004575427599,91900001369,106764
/localization/kinematic_state,91950001370,1785623985486132880,110004621830151,91950001370,0
/tf,91950001370,1785623985487177644,110004622874685,91950001370,0
/sensing/lidar/top/pointcloud_raw_ex,91950001370,1785623985489555608,110004625253400,91950001370,113212
/control/command/control_cmd,92000001370,1785623985530963093,110004666660631,92000001370,80
/localization/kinematic_state,92000001370,1785623985532092287,110004667789407,92000001370,0
/tf,92000001370,1785623985535082336,110004670779702,92000001370,0
/sensing/lidar/top/pointcloud_raw_ex,92000001370,1785623985540956911,110004676654576,92000001370,109516
/localization/kinematic_state,92050001371,1785623985581636730,110004717333992,92050001371,0
/tf,92050001371,1785623985582195258,110004717892379,92050001371,0
/sensing/lidar/top/pointcloud_raw_ex,92050001371,1785623985592132777,110004727830458,92050001371,116812
/tf,92100001372,1785623985631139619,110004766836902,92100001372,0
/localization/kinematic_state,92100001372,1785623985631490118,110004767187298,92100001372,0
/sensing/lidar/top/pointcloud_raw_ex,92100001372,1785623985638544859,110004774242718,92100001372,107564
/tf,92150001373,1785623985677446039,110004813143381,92150001373,0
/localization/kinematic_state,92150001373,1785623985677490196,110004813187098,92150001373,0
/sensing/lidar/top/pointcloud_raw_ex,92150001373,1785623985690725859,110004826423758,92150001373,115020
/localization/kinematic_state,92200001373,1785623985728265006,110004863962376,92200001373,0
/tf,92200001373,1785623985729990829,110004865687844,92200001373,0
/sensing/lidar/top/pointcloud_raw_ex,92200001373,1785623985740433603,110004876131266,92200001373,106380
/localization/kinematic_state,92250001374,1785623985783432713,110004919129975,92250001374,0
/tf,92250001374,1785623985783459892,110004919156739,92250001374,0
/sensing/lidar/top/pointcloud_raw_ex,92250001374,1785623985788548040,110004924245556,92250001374,113836
/tf,92300001375,1785623985827738505,110004963435546,92300001375,0
/localization/kinematic_state,92300001375,1785623985827901552,110004963598558,92300001375,0
/sensing/lidar/top/pointcloud_raw_ex,92300001375,1785623985839218933,110004974916769,92300001375,106620
/control/command/control_cmd,92350001376,1785623985880558566,110005016256412,92350001376,80
/localization/kinematic_state,92350001376,1785623985881236182,110005016933241,92350001376,0
/tf,92350001376,1785623985883515433,110005019212634,92350001376,0
/sensing/lidar/top/pointcloud_raw_ex,92350001376,1785623985891733813,110005027431190,92350001376,114796
/control/command/control_cmd,92400001376,1785623985929737243,110005065434799,92400001376,80
/tf,92400001376,1785623985930378221,110005066075445,92400001376,0
/localization/kinematic_state,92400001376,1785623985930824559,110005066521639,92400001376,0
/localization/pose_estimator/pose_with_covariance,92300001375,1785623985932870679,110005068567648,92400001376,0
/sensing/lidar/top/pointcloud_raw_ex,92400001376,1785623985942282732,110005077980287,92400001376,105500
/localization/kinematic_state,92450001377,1785623985982645841,110005118343211,92450001377,0
/tf,92450001377,1785623985982670169,110005118367006,92450001377,0
/control/command/control_cmd,92450001377,1785623985983242345,110005118939669,92450001377,80
/sensing/lidar/top/pointcloud_raw_ex,92450001377,1785623985992598918,110005128296416,92450001377,113740
/localization/kinematic_state,92500001378,1785623986031149868,110005166846992,92500001378,0
/tf,92500001378,1785623986031332134,110005167029003,92500001378,0
/sensing/lidar/top/pointcloud_raw_ex,92500001378,1785623986041320112,110005177017807,92500001378,106428
/tf,92550001379,1785623986082846214,110005218543479,92550001379,0
/localization/kinematic_state,92550001379,1785623986084535158,110005220232306,92550001379,0
/sensing/lidar/top/pointcloud_raw_ex,92550001379,1785623986093076229,110005228773769,92550001379,115132
/tf,92600001379,1785623986130232287,110005265929522,92600001379,0
/localization/kinematic_state,92600001379,1785623986130297442,110005265994301,92600001379,0
/sensing/lidar/top/pointcloud_raw_ex,92600001379,1785623986140663574,110005276361144,92600001379,106748
/control/command/control_cmd,92600001379,1785623986141589267,110005277286271,92600001379,80
/control/command/control_cmd,92650001380,1785623986178537469,110005314235006,92650001380,80
/localization/kinematic_state,92650001380,1785623986179897377,110005315594378,92650001380,0
/tf,92650001380,1785623986181470663,110005317167798,92650001380,0
/sensing/lidar/top/pointcloud_raw_ex,92650001380,1785623986194603071,110005330300481,92650001380,115164
/localization/kinematic_state,92700001381,1785623986239785249,110005375482652,92700001381,0
/tf,92700001381,1785623986239806307,110005375503126,92700001381,0
/sensing/lidar/top/pointcloud_raw_ex,92700001381,1785623986240559070,110005376256100,92700001381,106332
/localization/pose_estimator/pose_with_covariance,92600001379,1785623986246835371,110005382532479,92700001381,0
/localization/kinematic_state,92750001382,1785623986287745661,110005423442992,92750001382,0
/sensing/lidar/top/pointcloud_raw_ex,92750001382,1785623986289818819,110005425516379,92750001382,115564
/tf,92750001382,1785623986291075873,110005426773027,92750001382,0
/tf,92800001382,1785623986330897682,110005466594801,92800001382,0
/localization/kinematic_state,92800001382,1785623986331029224,110005466726229,92800001382,0
/sensing/lidar/top/pointcloud_raw_ex,92800001382,1785623986339520814,110005475218508,92800001382,107532
/control/command/control_cmd,92800001382,1785623986353155834,110005488853590,92800001382,80
/localization/pose_estimator/pose_with_covariance,92750001382,1785623986370131382,110005505828587,92800001382,0
/localization/kinematic_state,92850001383,1785623986379191231,110005514888451,92850001383,0
/tf,92850001383,1785623986381117027,110005516814037,92850001383,0
/sensing/lidar/top/pointcloud_raw_ex,92850001383,1785623986388547924,110005524245527,92850001383,113388
/localization/kinematic_state,92900001384,1785623986430121740,110005565819079,92900001384,0
/tf,92900001384,1785623986433230656,110005568927890,92900001384,0
/sensing/lidar/top/pointcloud_raw_ex,92900001384,1785623986443440839,110005579138653,92900001384,107404
/tf,92950001385,1785623986483846615,110005619543874,92950001385,0
/localization/kinematic_state,92950001385,1785623986484012279,110005619709415,92950001385,0
/sensing/lidar/top/pointcloud_raw_ex,92950001385,1785623986492571794,110005628269626,92950001385,114892
/localization/kinematic_state,93000001385,1785623986530528593,110005666225773,93000001385,0
/tf,93000001385,1785623986533099599,110005668796884,93000001385,0
/control/command/control_cmd,92950001385,1785623986541565696,110005677263378,93000001385,80
/sensing/lidar/top/pointcloud_raw_ex,93000001385,1785623986542606208,110005678303682,93000001385,106444
/localization/pose_estimator/pose_with_covariance,93000001385,1785623986573277079,110005708974257,93000001385,0
/localization/kinematic_state,93050001386,1785623986582748002,110005718445089,93050001386,0
/tf,93050001386,1785623986587856190,110005723553400,93050001386,0
/control/command/control_cmd,93050001386,1785623986590483779,110005726181319,93050001386,80
/sensing/lidar/top/pointcloud_raw_ex,93050001386,1785623986594636811,110005730334425,93050001386,112060
/tf,93100001387,1785623986633463510,110005769160769,93100001387,0
/localization/kinematic_state,93100001387,1785623986633582494,110005769279610,93100001387,0
/sensing/lidar/top/pointcloud_raw_ex,93100001387,1785623986641292255,110005776989971,93100001387,105804
/control/command/control_cmd,93100001387,1785623986683265150,110005818962951,93150001388,80
/localization/kinematic_state,93150001388,1785623986686907921,110005822605132,93150001388,0
/tf,93150001388,1785623986686944850,110005822641814,93150001388,0
/sensing/lidar/top/pointcloud_raw_ex,93150001388,1785623986691403161,110005827100976,93150001388,113420
/localization/kinematic_state,93200001388,1785623986730373068,110005866070491,93200001388,0
/tf,93200001388,1785623986733175180,110005868872821,93200001388,0
/sensing/lidar/top/pointcloud_raw_ex,93200001388,1785623986742076944,110005877774768,93200001388,105276
/control/command/control_cmd,93200001388,1785623986746436143,110005882133835,93200001388,80
/localization/kinematic_state,93250001389,1785623986784787678,110005920484924,93250001389,0
/tf,93250001389,1785623986784874016,110005920570907,93250001389,0
/sensing/lidar/top/pointcloud_raw_ex,93250001389,1785623986793102209,110005928799986,93250001389,114348
/tf,93300001390,1785623986831388207,110005967085217,93300001390,0
/localization/kinematic_state,93300001390,1785623986831463622,110005967160560,93300001390,0
/sensing/lidar/top/pointcloud_raw_ex,93300001390,1785623986841025687,110005976723425,93300001390,105804
/control/command/control_cmd,93300001390,1785623986868103030,110006003800939,93300001390,80
/localization/kinematic_state,93350001391,1785623986880377938,110006016075163,93350001391,0
/sensing/lidar/top/pointcloud_raw_ex,93350001391,1785623986891989879,110006027687624,93350001391,114412
/tf,93350001391,1785623986893780962,110006029478170,93350001391,0
/localization/pose_estimator/pose_with_covariance,93300001390,1785623986906603759,110006042300994,93350001391,0
/control/command/control_cmd,93350001391,1785623986921825657,110006057523585,93350001391,80
/control/command/control_cmd,93400001391,1785623986930264212,110006065961833,93400001391,80
/localization/kinematic_state,93400001391,1785623986932401234,110006068098421,93400001391,0
/tf,93400001391,1785623986936784369,110006072481594,93400001391,0
/sensing/lidar/top/pointcloud_raw_ex,93400001391,1785623986945961940,110006081659504,93400001391,106268
/control/command/control_cmd,93450001392,1785623986981665710,110006117363265,93450001392,80
/localization/kinematic_state,93450001392,1785623986989165780,110006124862974,93450001392,0
/tf,93450001392,1785623986989479778,110006125176802,93450001392,0
/sensing/lidar/top/pointcloud_raw_ex,93450001392,1785623986993021788,110006128719479,93450001392,114444
/localization/pose_estimator/pose_with_covariance,93450001392,1785623987018156020,110006153853361,93450001392,0
/tf,93500001393,1785623987033510340,110006169207727,93500001393,0
/localization/kinematic_state,93500001393,1785623987033880161,110006169577318,93500001393,0
/sensing/lidar/top/pointcloud_raw_ex,93500001393,1785623987041829381,110006177527295,93500001393,107356
/tf,93550001394,1785623987080996685,110006216693832,93550001394,0
/localization/kinematic_state,93550001394,1785623987081039267,110006216736226,93550001394,0
/control/command/control_cmd,93550001394,1785623987082998286,110006218695788,93550001394,80
/sensing/lidar/top/pointcloud_raw_ex,93550001394,1785623987093844382,110006229541930,93550001394,114236
/tf,93600001394,1785623987133603264,110006269300617,93600001394,0
/localization/kinematic_state,93600001394,1785623987133641612,110006269338509,93600001394,0
/sensing/lidar/top/pointcloud_raw_ex,93600001394,1785623987143898735,110006279596293,93600001394,107372
/localization/pose_estimator/pose_with_covariance,93550001394,1785623987160356713,110006296053986,93600001394,0
/tf,93650001395,1785623987182576351,110006318273812,93650001395,0
/localization/kinematic_state,93650001395,1785623987183060613,110006318757669,93650001395,0
/sensing/lidar/top/pointcloud_raw_ex,93650001395,1785623987194527012,110006330224819,93650001395,113932
/control/command/control_cmd,93650001395,1785623987206179042,110006341876779,93650001395,80
/control/command/control_cmd,93700001396,1785623987232120965,110006367818763,93700001396,80
/tf,93700001396,1785623987235126339,110006370823750,93700001396,0
/localization/kinematic_state,93700001396,1785623987235263638,110006370960631,93700001396,0
/sensing/lidar/top/pointcloud_raw_ex,93700001396,1785623987243911218,110006379608928,93700001396,107372
/localization/kinematic_state,93750001396,1785623987283038615,110006418735946,93750001396,0
/tf,93750001396,1785623987284301852,110006419999108,93750001396,0
/control/command/control_cmd,93750001396,1785623987286711364,110006422408847,93750001396,80
/sensing/lidar/top/pointcloud_raw_ex,93750001396,1785623987293822082,110006429519623,93750001396,113292
/localization/kinematic_state,93800001397,1785623987333798517,110006469495721,93800001397,0
/tf,93800001397,1785623987337400083,110006473097291,93800001397,0
/sensing/lidar/top/pointcloud_raw_ex,93800001397,1785623987341937384,110006477635059,93800001397,106428
/control/command/control_cmd,93850001398,1785623987383635244,110006519332838,93850001398,80
/tf,93850001398,1785623987390401373,110006526098701,93850001398,0
/localization/kinematic_state,93850001398,1785623987390742648,110006526439918,93850001398,0
/sensing/lidar/top/pointcloud_raw_ex,93850001398,1785623987394332205,110006530030059,93850001398,115148
/localization/pose_estimator/pose_with_covariance,93800001397,1785623987412811296,110006548508530,93850001398,0
/tf,93900001399,1785623987432122693,110006567819929,93900001399,0
/localization/kinematic_state,93900001399,1785623987432282723,110006567979791,93900001399,0
/sensing/lidar/top/pointcloud_raw_ex,93900001399,1785623987444145074,110006579842445,93900001399,108380
/tf,93950001399,1785623987488429092,110006624126417,93950001399,0
/localization/kinematic_state,93950001399,1785623987488732749,110006624429986,93950001399,0
/sensing/lidar/top/pointcloud_raw_ex,93950001399,1785623987495778759,110006631476435,93950001399,115260
/localization/kinematic_state,94000001400,1785623987533877822,110006669575335,94000001400,0
/tf,94000001400,1785623987533901933,110006669598786,94000001400,0
/localization/pose_estimator/pose_with_covariance,93900001399,1785623987537354164,110006673051597,94000001400,0
/control/command/control_cmd,94000001400,1785623987543174668,110006678872509,94000001400,80
/sensing/lidar/top/pointcloud_raw_ex,94000001400,1785623987545217735,110006680915409,94000001400,106012
/localization/kinematic_state,94050001401,1785623987584909477,110006720606609,94050001401,0
/tf,94050001401,1785623987586519470,110006722216549,94050001401,0
/sensing/lidar/top/pointcloud_raw_ex,94050001401,1785623987597903502,110006733601110,94050001401,114748
/control/command/control_cmd,94050001401,1785623987597925614,110006733622488,94050001401,80
/localization/pose_estimator/pose_with_covariance,94000001400,1785623987601328851,110006737026167,94050001401,0
/tf,94100001402,1785623987642909738,110006778607005,94100001402,0
/localization/kinematic_state,94100001402,1785623987643042824,110006778739809,94100001402,0
/sensing/lidar/top/pointcloud_raw_ex,94100001402,1785623987648566789,110006784264469,94100001402,107356
/tf,94150001402,1785623987686144037,110006821841350,94150001402,0
/localization/kinematic_state,94150001402,1785623987686495220,110006822192343,94150001402,0
/sensing/lidar/top/pointcloud_raw_ex,94150001402,1785623987694612117,110006830309660,94150001402,113292
/control/command/control_cmd,94150001402,1785623987734899488,110006870597152,94200001403,80
/control/command/control_cmd,94200001403,1785623987737700236,110006873397776,94200001403,80
/localization/kinematic_state,94200001403,1785623987741496914,110006877194157,94200001403,0
/tf,94200001403,1785623987742283295,110006877980446,94200001403,0
/sensing/lidar/top/pointcloud_raw_ex,94200001403,1785623987746208734,110006881906220,94200001403,106604
/localization/kinematic_state,94250001404,1785623987785405641,110006921102884,94250001404,0
/tf,94250001404,1785623987787053426,110006922750530,94250001404,0
/control/command/control_cmd,94250001404,1785623987792538685,110006928236381,94250001404,80
/sensing/lidar/top/pointcloud_raw_ex,94250001404,1785623987796461745,110006932159230,94250001404,115100
/tf,94300001405,1785623987836828553,110006972525765,94300001405,0
/localization/kinematic_state,94300001405,1785623987836926666,110006972623700,94300001405,0
/sensing/lidar/top/pointcloud_raw_ex,94300001405,1785623987846041099,110006981738761,94300001405,108380
/localization/kinematic_state,94350001405,1785623987889345187,110007025042357,94350001405,0
/tf,94350001405,1785623987891053983,110007026751219,94350001405,0
/sensing/lidar/top/pointcloud_raw_ex,94350001405,1785623987897491443,110007033189026,94350001405,113884
/control/command/control_cmd,94400001406,1785623987936824854,110007072522185,94400001406,80
/localization/kinematic_state,94400001406,1785623987938794052,110007074491217,94400001406,0
/tf,94400001406,1785623987939363266,110007075060438,94400001406,0
/sensing/lidar/top/pointcloud_raw_ex,94400001406,1785623987947132773,110007082830344,94400001406,106364
/localization/kinematic_state,94450001407,1785623987987167970,110007122865320,94450001407,0
/control/command/control_cmd,94450001407,1785623987987195983,110007122892848,94450001407,80
/tf,94450001407,1785623987988234494,110007123931678,94450001407,0
/sensing/lidar/top/pointcloud_raw_ex,94450001407,1785623988000590255,110007136287920,94450001407,115340
/control/command/control_cmd,94500001408,1785623988040522672,110007176220294,94500001408,80
/localization/kinematic_state,94500001408,1785623988040706983,110007176403923,94500001408,0
/tf,94500001408,1785623988041352591,110007177049560,94500001408,0
/sensing/lidar/top/pointcloud_raw_ex,94500001408,1785623988044972889,110007180670567,94500001408,108476
/localization/kinematic_state,94550001408,1785623988093318934,110007229016347,94550001408,0
/sensing/lidar/top/pointcloud_raw_ex,94550001408,1785623988098137933,110007233835723,94550001408,113836
/tf,94550001408,1785623988107973483,110007243670778,94550001408,0
/tf,94600001409,1785623988135832561,110007271529824,94600001409,0
/localization/kinematic_state,94600001409,1785623988135987544,110007271684495,94600001409,0
/sensing/lidar/top/pointcloud_raw_ex,94600001409,1785623988148321031,110007284018683,94600001409,105628
/localization/pose_estimator/pose_with_covariance,94550001408,1785623988151064718,110007286764358,94600001409,0
/tf,94650001410,1785623988185459797,110007321157067,94650001410,0
/localization/kinematic_state,94650001410,1785623988187880930,110007323578153,94650001410,0
/sensing/lidar/top/pointcloud_raw_ex,94650001410,1785623988198808869,110007334506633,94650001410,113980
/localization/kinematic_state,94700001411,1785623988237370462,110007373067734,94700001411,0
/tf,94700001411,1785623988237886787,110007373583832,94700001411,0
/sensing/lidar/top/pointcloud_raw_ex,94700001411,1785623988247298772,110007382996442,94700001411,105116
/localization/kinematic_state,94750001411,1785623988288756486,110007424453766,94750001411,0
/sensing/lidar/top/pointcloud_raw_ex,94750001411,1785623988295827922,110007431525674,94750001411,114076
/tf,94750001411,1785623988297108518,110007432805532,94750001411,0
/control/command/control_cmd,94750001411,1785623988300472147,110007436169697,94750001411,80
/control/command/control_cmd,94800001412,1785623988334830337,110007470527986,94800001412,80
/sensing/lidar/top/pointcloud_raw_ex,94800001412,1785623988349369455,110007485067314,94800001412,105868
/tf,94800001412,1785623988354971255,110007490668509,94800001412,0
/localization/kinematic_state,94800001412,1785623988359376194,110007495073399,94800001412,0
/tf,94850001413,1785623988389260844,110007524957974,94850001413,0
/localization/kinematic_state,94850001413,1785623988389423507,110007525120424,94850001413,0
/sensing/lidar/top/pointcloud_raw_ex,94850001413,1785623988395655680,110007531353317,94850001413,113772
/localization/pose_estimator/pose_with_covariance,94800001412,1785623988404441238,110007540138585,94850001413,0
/localization/pose_estimator/pose_with_covariance,94850001413,1785623988427461174,110007563158404,94850001413,0
/localization/kinematic_state,94900001414,1785623988436729985,110007572427396,94900001414,0
/tf,94900001414,1785623988439574586,110007575272029,94900001414,0
/sensing/lidar/top/pointcloud_raw_ex,94900001414,1785623988448133645,110007583831164,94900001414,107404
/sensing/lidar/top/pointcloud_raw_ex,94950001414,1785623988496785421,110007632483137,94950001414,115548
/tf,94950001414,1785623988497244333,110007632941386,94950001414,0
/localization/kinematic_state,94950001414,1785623988497318167,110007633015087,94950001414,0
/localization/kinematic_state,95000001415,1785623988536886536,110007672583717,95000001415,0
/tf,95000001415,1785623988537851526,110007673548757,95000001415,0
/sensing/lidar/top/pointcloud_raw_ex,95000001415,1785623988547981147,110007683678730,95000001415,107180
/localization/kinematic_state,95050001416,1785623988589664818,110007725362035,95050001416,0
/tf,95050001416,1785623988591166262,110007726863290,95050001416,0
/localization/pose_estimator/pose_with_covariance,95000001415,1785623988596147961,110007731845168,95050001416,0
/sensing/lidar/top/pointcloud_raw_ex,95050001416,1785623988599179936,110007734877582,95050001416,114732
/tf,95100001417,1785623988636484854,110007772182023,95100001417,0
/localization/kinematic_state,95100001417,1785623988638544196,110007774241588,95100001417,0
/sensing/lidar/top/pointcloud_raw_ex,95100001417,1785623988647578086,110007783275433,95100001417,105836
/tf,95150001417,1785623988686252494,110007821949908,95150001417,0
/localization/kinematic_state,95150001417,1785623988686365860,110007822062758,95150001417,0
/control/command/control_cmd,95100001417,1785623988691743574,110007827441040,95150001417,80
/sensing/lidar/top/pointcloud_raw_ex,95150001417,1785623988699106047,110007834803821,95150001417,116108
/localization/kinematic_state,95200001418,1785623988741109653,110007876807024,95200001418,0
/tf,95200001418,1785623988745987829,110007881685159,95200001418,0
/sensing/lidar/top/pointcloud_raw_ex,95200001418,1785623988748727405,110007884425205,95200001418,105484
/localization/kinematic_state,95250001419,1785623988790587866,110007926285406,95250001419,0
/tf,95250001419,1785623988790622242,110007926319089,95250001419,0
/localization/pose_estimator/pose_with_covariance,95200001418,1785623988794524561,110007930221869,95250001419,0
/sensing/lidar/top/pointcloud_raw_ex,95250001419,1785623988799261831,110007934959391,95250001419,114636
/tf,95300001420,1785623988839999030,110007975696307,95300001420,0
/localization/kinematic_state,95300001420,1785623988840251088,110007975948089,95300001420,0
/sensing/lidar/top/pointcloud_raw_ex,95300001420,1785623988849962539,110007985660178,95300001420,106972
/tf,95350001420,1785623988887394248,110008023091402,95350001420,0
/localization/kinematic_state,95350001420,1785623988887514793,110008023211759,95350001420,0
/sensing/lidar/top/pointcloud_raw_ex,95350001420,1785623988899834053,110008035531743,95350001420,113804
/localization/pose_estimator/pose_with_covariance,95350001420,1785623988937466922,110008073164018,95400001421,0
/localization/kinematic_state,95400001421,1785623988944669223,110008080366455,95400001421,0
/tf,95400001421,1785623988950043779,110008085740929,95400001421,0
/sensing/lidar/top/pointcloud_raw_ex,95400001421,1785623988951034590,110008086731675,95400001421,107964
/control/command/control_cmd,95400001421,1785623988967393255,110008103090874,95400001421,80
/localization/kinematic_state,95450001422,1785623988991870777,110008127568039,95450001422,0
/tf,95450001422,1785623988993121269,110008128818341,95450001422,0
/sensing/lidar/top/pointcloud_raw_ex,95450001422,1785623988998966443,110008134663935,95450001422,113852
/localization/pose_estimator/pose_with_covariance,95400001421,1785623989032500591,110008168197841,95450001422,0
/control/command/control_cmd,95450001422,1785623989041588028,110008177285792,95500001423,80
/tf,95500001423,1785623989041696309,110008177393380,95500001423,0
/localization/kinematic_state,95500001423,1785623989041848075,110008177544975,95500001423,0
/sensing/lidar/top/pointcloud_raw_ex,95500001423,1785623989051300529,110008186998096,95500001423,106012
/tf,95550001423,1785623989088135148,110008223832294,95550001423,0
/localization/kinematic_state,95550001423,1785623989088465441,110008224162529,95550001423,0
/sensing/lidar/top/pointcloud_raw_ex,95550001423,1785623989101395967,110008237093838,95550001423,115884
/tf,95600001424,1785623989142118590,110008277815805,95600001424,0
/localization/kinematic_state,95600001424,1785623989142161339,110008277858184,95600001424,0
/sensing/lidar/top/pointcloud_raw_ex,95600001424,1785623989151150313,110008286847942,95600001424,106460
/tf,95650001425,1785623989188729613,110008324426742,95650001425,0
/localization/kinematic_state,95650001425,1785623989188813035,110008324509917,95650001425,0
/sensing/lidar/top/pointcloud_raw_ex,95650001425,1785623989206077045,110008341774801,95650001425,114092
/control/command/control_cmd,95600001424,1785623989222240039,110008357937660,95650001425,80
/localization/kinematic_state,95700001426,1785623989242605995,110008378303379,95700001426,0
/tf,95700001426,1785623989243125514,110008378822689,95700001426,0
/sensing/lidar/top/pointcloud_raw_ex,95700001426,1785623989252435368,110008388132958,95700001426,106460
/localization/kinematic_state,95750001426,1785623989301342432,110008437039472,95750001426,0
/sensing/lidar/top/pointcloud_raw_ex,95750001426,1785623989302672566,110008438369750,95750001426,112844
/tf,95750001426,1785623989309450113,110008445147347,95750001426,0
/localization/pose_estimator/pose_with_covariance,95700001426,1785623989323755506,110008459452794,95750001426,0
/tf,95800001427,1785623989349918474,110008485616164,95800001427,0
/localization/kinematic_state,95800001427,1785623989350194117,110008485891160,95800001427,0
/sensing/lidar/top/pointcloud_raw_ex,95800001427,1785623989355908099,110008491605735,95800001427,107212
/localization/kinematic_state,95850001428,1785623989389157408,110008524854551,95850001428,0
/tf,95850001428,1785623989393261149,110008528958518,95850001428,0
/sensing/lidar/top/pointcloud_raw_ex,95850001428,1785623989399421548,110008535119173,95850001428,115772
/localization/pose_estimator/pose_with_covariance,95850001428,1785623989441355795,110008577052983,95900001429,0
/localization/kinematic_state,95900001429,1785623989451212166,110008586909423,95900001429,0
/sensing/lidar/top/pointcloud_raw_ex,95900001429,1785623989451547080,110008587244315,95900001429,107052
/tf,95900001429,1785623989452183962,110008587881062,95900001429,0
/control/command/control_cmd,95900001429,1785623989455813438,110008591511103,95900001429,80
/localization/kinematic_state,95950001429,1785623989491425471,110008627122653,95950001429,0
/tf,95950001429,1785623989491776917,110008627473928,95950001429,0
/sensing/lidar/top/pointcloud_raw_ex,95950001429,1785623989500937583,110008636635270,95950001429,115004
/localization/pose_estimator/pose_with_covariance,95950001429,1785623989520349089,110008656046412,95950001429,0
/sensing/lidar/top/pointcloud_raw_ex,96000001430,1785623989552323625,110008688021273,96000001430,106284
/tf,96000001430,1785623989552368312,110008688065196,96000001430,0
/localization/kinematic_state,96000001430,1785623989553291184,110008688988377,96000001430,0
/control/command/control_cmd,96000001430,1785623989556857052,110008692554742,96000001430,80
/localization/kinematic_state,96050001431,1785623989595730256,110008731427347,96050001431,0
/tf,96050001431,1785623989595759155,110008731455995,96050001431,0
/sensing/lidar/top/pointcloud_raw_ex,96050001431,1785623989602222703,110008737920192,96050001431,114844
/localization/kinematic_state,96100001432,1785623989640731849,110008776429137,96100001432,0
/tf,96100001432,1785623989645436383,110008781133509,96100001432,0
/sensing/lidar/top/pointcloud_raw_ex,96100001432,1785623989651623913,110008787321510,96100001432,106844
/tf,96150001432,1785623989692059018,110008827756288,96150001432,0
/localization/kinematic_state,96150001432,1785623989692737947,110008828434960,96150001432,0
/sensing/lidar/top/pointcloud_raw_ex,96150001432,1785623989704335792,110008840033487,96150001432,114892
/tf,96200001433,1785623989747518377,110008883215844,96200001433,0
/localization/kinematic_state,96200001433,1785623989747570823,110008883267685,96200001433,0
/sensing/lidar/top/pointcloud_raw_ex,96200001433,1785623989751004531,110008886702192,96200001433,107852
/control/command/control_cmd,96200001433,1785623989776509052,110008912206841,96200001433,80
/localization/kinematic_state,96250001434,1785623989798101857,110008933799189,96250001434,0
/tf,96250001434,1785623989798126551,110008933823534,96250001434,0
/sensing/lidar/top/pointcloud_raw_ex,96250001434,1785623989800912456,110008936610028,96250001434,114764
/localization/pose_estimator/pose_with_covariance,96250001434,1785623989820825783,110008956522981,96250001434,0
/control/command/control_cmd,96250001434,1785623989823349969,110008959047595,96250001434,80
/localization/kinematic_state,96300001434,1785623989843197847,110008978895053,96300001434,0
/tf,96300001434,1785623989847363137,110008983060412,96300001434,0
/sensing/lidar/top/pointcloud_raw_ex,96300001434,1785623989852169035,110008987866709,96300001434,107148
/control/command/control_cmd,96300001434,1785623989881209097,110009016906804,96300001434,80
/localization/kinematic_state,96350001435,1785623989893366589,110009029063812,96350001435,0
/tf,96350001435,1785623989893401720,110009029098578,96350001435,0
/sensing/lidar/top/pointcloud_raw_ex,96350001435,1785623989903791286,110009039488759,96350001435,114652
/control/command/control_cmd,96350001435,1785623989930852435,110009066549975,96350001435,80
/localization/pose_estimator/pose_with_covariance,96350001435,1785623989936822785,110009072520015,96350001435,0
/control/command/control_cmd,96400001436,1785623989940876715,110009076574274,96400001436,80
/sensing/lidar/top/pointcloud_raw_ex,96400001436,1785623989952223988,110009087921549,96400001436,105628
/tf,96400001436,1785623989952942755,110009088639732,96400001436,0
/localization/kinematic_state,96400001436,1785623989953860594,110009089557589,96400001436,0
/localization/kinematic_state,96450001437,1785623989996239704,110009131936844,96450001437,0
/tf,96450001437,1785623989997315881,110009133012884,96450001437,0
/sensing/lidar/top/pointcloud_raw_ex,96450001437,1785623990004646282,110009140343934,96450001437,114316
/tf,96500001437,1785623990044242064,110009179939290,96500001437,0
/localization/kinematic_state,96500001437,1785623990044836972,110009180534026,96500001437,0
/sensing/lidar/top/pointcloud_raw_ex,96500001437,1785623990051842896,110009187540334,96500001437,105868
/tf,96550001438,1785623990093939786,110009229637127,96550001438,0
/localization/kinematic_state,96550001438,1785623990094240137,110009229937326,96550001438,0
/sensing/lidar/top/pointcloud_raw_ex,96550001438,1785623990103850016,110009239547881,96550001438,115100
/localization/kinematic_state,96600001439,1785623990141886365,110009277583665,96600001439,0
/tf,96600001439,1785623990141917973,110009277614850,96600001439,0
/sensing/lidar/top/pointcloud_raw_ex,96600001439,1785623990152472177,110009288169708,96600001439,105708
/tf,96650001440,1785623990191255262,110009326952508,96650001440,0
/localization/kinematic_state,96650001440,1785623990191584797,110009327281738,96650001440,0
/sensing/lidar/top/pointcloud_raw_ex,96650001440,1785623990206355317,110009342052845,96650001440,113852
/localization/kinematic_state,96700001440,1785623990242688021,110009378385244,96700001440,0
/tf,96700001440,1785623990250490559,110009386187749,96700001440,0
/sensing/lidar/top/pointcloud_raw_ex,96700001440,1785623990255351906,110009391049274,96700001440,106892
/localization/pose_estimator/pose_with_covariance,96650001440,1785623990282287879,110009417985415,96700001440,0
/localization/kinematic_state,96750001441,1785623990300415135,110009436112372,96750001441,0
/tf,96750001441,1785623990301423533,110009437120577,96750001441,0
/sensing/lidar/top/pointcloud_raw_ex,96750001441,1785623990304204645,110009439902313,96750001441,114156
/control/command/control_cmd,96750001441,1785623990332008136,110009467705632,96750001441,80
/tf,96800001442,1785623990349475186,110009485172540,96800001442,0
/localization/kinematic_state,96800001442,1785623990349520356,110009485217228,96800001442,0
/control/command/control_cmd,96800001442,1785623990350080226,110009485777438,96800001442,80
/sensing/lidar/top/pointcloud_raw_ex,96800001442,1785623990354780431,110009490477904,96800001442,106444
/tf,96850001443,1785623990392126030,110009527823270,96850001443,0
/localization/kinematic_state,96850001443,1785623990392197396,110009527894253,96850001443,0
/sensing/lidar/top/pointcloud_raw_ex,96850001443,1785623990405107024,110009540804573,96850001443,114332
/control/command/control_cmd,96850001443,1785623990430191981,110009565889872,96850001443,80
/tf,96900001443,1785623990443376881,110009579074256,96900001443,0
/localization/kinematic_state,96900001443,1785623990443467214,110009579164177,96900001443,0
/sensing/lidar/top/pointcloud_raw_ex,96900001443,1785623990450868879,110009586566386,96900001443,106188
/control/command/control_cmd,96900001443,1785623990470755613,110009606453243,96900001443,80
/tf,96950001444,1785623990496118177,110009631815483,96950001444,0
/localization/kinematic_state,96950001444,1785623990496334841,110009632032043,96950001444,0
/sensing/lidar/top/pointcloud_raw_ex,96950001444,1785623990505491501,110009641189310,96950001444,115420
/control/command/control_cmd,96950001444,1785623990506314187,110009642011565,96950001444,80
/tf,97000001445,1785623990542114079,110009677811296,97000001445,0
/localization/kinematic_state,97000001445,1785623990542154691,110009677851546,97000001445,0
/localization/pose_estimator/pose_with_covariance,96950001444,1785623990553899212,110009689596605,97000001445,0
/sensing/lidar/top/pointcloud_raw_ex,97000001445,1785623990555735874,110009691433527,97000001445,106812
/control/command/control_cmd,97000001445,1785623990581239789,110009716937661,97000001445,80
/localization/kinematic_state,97050001446,1785623990596296636,110009731993862,97050001446,0
/tf,97050001446,1785623990596569189,110009732266480,97050001446,0
/control/command/control_cmd,97050001446,1785623990600877205,110009736574904,97050001446,80
/sensing/lidar/top/pointcloud_raw_ex,97050001446,1785623990606642108,110009742339892,97050001446,116156
/tf,97100001446,1785623990643921926,110009779619226,97100001446,0
/localization/kinematic_state,97100001446,1785623990644033092,110009779730049,97100001446,0
/sensing/lidar/top/pointcloud_raw_ex,97100001446,1785623990656768844,110009792466500,97100001446,107276
/tf,97150001447,1785623990697209979,110009832907151,97150001447,0
/localization/kinematic_state,97150001447,1785623990697479560,110009833176573,97150001447,0
/sensing/lidar/top/pointcloud_raw_ex,97150001447,1785623990706693673,110009842391306,97150001447,114284
/localization/kinematic_state,97200001448,1785623990749711744,110009885409020,97200001448,0
/tf,97200001448,1785623990750618707,110009886315827,97200001448,0
/sensing/lidar/top/pointcloud_raw_ex,97200001448,1785623990756581864,110009892279869,97200001448,106684
/control/command/control_cmd,97200001448,1785623990767970534,110009903668261,97200001448,80
/localization/kinematic_state,97250001449,1785623990795379356,110009931076691,97250001449,0
/tf,97250001449,1785623990798812194,110009934509264,97250001449,0
/sensing/lidar/top/pointcloud_raw_ex,97250001449,1785623990805045218,110009940743001,97250001449,114716
/tf,97300001449,1785623990845126097,110009980823305,97300001449,0
/localization/kinematic_state,97300001449,1785623990846309039,110009982006012,97300001449,0
/control/command/control_cmd,97300001449,1785623990856348602,110009992046203,97300001449,80
/sensing/lidar/top/pointcloud_raw_ex,97300001449,1785623990857483264,110009993180787,97300001449,105164
/localization/kinematic_state,97350001450,1785623990899949888,110010035647086,97350001450,0
/tf,97350001450,1785623990900738919,110010036435976,97350001450,0
/sensing/lidar/top/pointcloud_raw_ex,97350001450,1785623990907372983,110010043070487,97350001450,114780
/localization/kinematic_state,97400001451,1785623990946683387,110010082380574,97400001451,0
/tf,97400001451,1785623990947069424,110010082766837,97400001451,0
/sensing/lidar/top/pointcloud_raw_ex,97400001451,1785623990956658356,110010092355939,97400001451,109836
/localization/kinematic_state,97450001452,1785623991005373856,110010141071159,97450001452,0
/tf,97450001452,1785623991006535910,110010142233047,97450001452,0
/sensing/lidar/top/pointcloud_raw_ex,97450001452,1785623991008994723,110010144692376,97450001452,114060
/localization/kinematic_state,97500001452,1785623991045268583,110010180965790,97500001452,0
/tf,97500001452,1785623991048833063,110010184530373,97500001452,0
/sensing/lidar/top/pointcloud_raw_ex,97500001452,1785623991054683742,110010190381416,97500001452,105580
/control/command/control_cmd,97500001452,1785623991063357098,110010199054721,97500001452,80
/tf,97550001453,1785623991095569984,110010231266951,97550001453,0
/localization/kinematic_state,97550001453,1785623991095603685,110010231300586,97550001453,0
/localization/pose_estimator/pose_with_covariance,97500001452,1785623991104248187,110010239945351,97550001453,0
/sensing/lidar/top/pointcloud_raw_ex,97550001453,1785623991108870126,110010244567646,97550001453,114844
/control/command/control_cmd,97600001454,1785623991152332640,110010288030336,97600001454,80
/tf,97600001454,1785623991154909929,110010290607155,97600001454,0
/localization/kinematic_state,97600001454,1785623991155119290,110010290816268,97600001454,0
/sensing/lidar/top/pointcloud_raw_ex,97600001454,1785623991159823169,110010295520739,97600001454,107100
/tf,97650001455,1785623991195639657,110010331336933,97650001455,0
/localization/kinematic_state,97650001455,1785623991195923660,110010331620693,97650001455,0
/sensing/lidar/top/pointcloud_raw_ex,97650001455,1785623991208398262,110010344095993,97650001455,113068
/localization/kinematic_state,97700001455,1785623991247440063,110010383137273,97700001455,0
/tf,97700001455,1785623991247464177,110010383161029,97700001455,0
/sensing/lidar/top/pointcloud_raw_ex,97700001455,1785623991258551299,110010394248975,97700001455,105628
/tf,97750001456,1785623991300649696,110010436346927,97750001456,0
/localization/kinematic_state,97750001456,1785623991301936930,110010437634152,97750001456,0
/sensing/lidar/top/pointcloud_raw_ex,97750001456,1785623991307537118,110010443234728,97750001456,114540
/localization/kinematic_state,97800001457,1785623991356939589,110010492636949,97800001457,0
/tf,97800001457,1785623991357516683,110010493214016,97800001457,0
/sensing/lidar/top/pointcloud_raw_ex,97800001457,1785623991358238504,110010493935833,97800001457,106700
/control/command/control_cmd,97750001456,1785623991358244860,110010493941686,97800001457,80
/localization/kinematic_state,97850001458,1785623991396373806,110010532071015,97850001458,0
/tf,97850001458,1785623991396397282,110010532094122,97850001458,0
/sensing/lidar/top/pointcloud_raw_ex,97850001458,1785623991408349538,110010544047163,97850001458,113180
/tf,97900001458,1785623991448874139,110010584571403,97900001458,0
/localization/kinematic_state,97900001458,1785623991449244378,110010584941446,97900001458,0
/sensing/lidar/top/pointcloud_raw_ex,97900001458,1785623991457258120,110010592955696,97900001458,106380
/sensing/lidar/top/pointcloud_raw_ex,97950001459,1785623991508744581,110010644442452,97950001459,112732
/localization/kinematic_state,97950001459,1785623991508788050,110010644484937,97950001459,0
/tf,97950001459,1785623991508806261,110010644503103,97950001459,0
/localization/kinematic_state,98000001460,1785623991551575172,110010687272409,98000001460,0
/tf,98000001460,1785623991556621720,110010692319009,98000001460,0
/sensing/lidar/top/pointcloud_raw_ex,98000001460,1785623991558878457,110010694575986,98000001460,107596
/control/command/control_cmd,98050001461,1785623991598320661,110010734017692,98050001461,80
/localization/kinematic_state,98050001461,1785623991605346867,110010741043781,98050001461,0
/tf,98050001461,1785623991605365839,110010741062651,98050001461,0
/sensing/lidar/top/pointcloud_raw_ex,98050001461,1785623991611615100,110010747312312,98050001461,115052
/tf,98100001461,1785623991645635424,110010781332647,98100001461,0
/localization/kinematic_state,98100001461,1785623991646367749,110010782064895,98100001461,0
/sensing/lidar/top/pointcloud_raw_ex,98100001461,1785623991658833701,110010794531188,98100001461,108476
/tf,98150001462,1785623991699872236,110010835569302,98150001462,0
/localization/kinematic_state,98150001462,1785623991700474653,110010836171643,98150001462,0
/sensing/lidar/top/pointcloud_raw_ex,98150001462,1785623991710417762,110010846115290,98150001462,115356
/localization/kinematic_state,98200001463,1785623991746636086,110010882333345,98200001463,0
/tf,98200001463,1785623991747168259,110010882865224,98200001463,0
/sensing/lidar/top/pointcloud_raw_ex,98200001463,1785623991758345149,110010894042649,98200001463,107196
/tf,98250001464,1785623991796204578,110010931901807,98250001464,0
/localization/kinematic_state,98250001464,1785623991796551381,110010932248316,98250001464,0
/control/command/control_cmd,98250001464,1785623991799607192,110010935304811,98250001464,80
/sensing/lidar/top/pointcloud_raw_ex,98250001464,1785623991811216988,110010946914810,98250001464,116156
/localization/kinematic_state,98300001464,1785623991846908997,110010982606331,98300001464,0
/tf,98300001464,1785623991847740483,110010983437707,98300001464,0
/sensing/lidar/top/pointcloud_raw_ex,98300001464,1785623991857970665,110010993668467,98300001464,105340
/tf,98350001465,1785623991896620908,110011032318035,98350001465,0
/localization/kinematic_state,98350001465,1785623991896820088,110011032517030,98350001465,0
/sensing/lidar/top/pointcloud_raw_ex,98350001465,1785623991908464493,110011044162021,98350001465,114460
/localization/kinematic_state,98400001466,1785623991954376394,110011090073617,98400001466,0
/tf,98400001466,1785623991954400316,110011090097159,98400001466,0
/sensing/lidar/top/pointcloud_raw_ex,98400001466,1785623991960061736,110011095759093,98400001466,105148
/localization/kinematic_state,98450001467,1785623991998670392,110011134367574,98450001467,0
/tf,98450001467,1785623992002276573,110011137973755,98450001467,0
/sensing/lidar/top/pointcloud_raw_ex,98450001467,1785623992011378786,110011147076506,98450001467,114652
/tf,98500001467,1785623992050412344,110011186110751,98500001467,0
/localization/kinematic_state,98500001467,1785623992050458188,110011186155185,98500001467,0
/sensing/lidar/top/pointcloud_raw_ex,98500001467,1785623992057777371,110011193475265,98500001467,107452
/localization/kinematic_state,98550001468,1785623992099716669,110011235413964,98550001468,0
/tf,98550001468,1785623992100824415,110011236521546,98550001468,0
/sensing/lidar/top/pointcloud_raw_ex,98550001468,1785623992110409747,110011246107461,98550001468,112188
/localization/kinematic_state,98600001469,1785623992152457007,110011288154194,98600001469,0
/tf,98600001469,1785623992155372687,110011291070009,98600001469,0
/sensing/lidar/top/pointcloud_raw_ex,98600001469,1785623992160171669,110011295869015,98600001469,105196
/localization/kinematic_state,98650001469,1785623992207606900,110011343304209,98650001469,0
/tf,98650001469,1785623992207626038,110011343322903,98650001469,0
/sensing/lidar/top/pointcloud_raw_ex,98650001469,1785623992210361051,110011346058693,98650001469,114860
/localization/pose_estimator/pose_with_covariance,98600001469,1785623992215471023,110011351168294,98650001469,0
/tf,98700001470,1785623992256843249,110011392540471,98700001470,0
/localization/kinematic_state,98700001470,1785623992257126022,110011392822935,98700001470,0
/sensing/lidar/top/pointcloud_raw_ex,98700001470,1785623992259084494,110011394781741,98700001470,107100
/control/command/control_cmd,98650001469,1785623992285477724,110011421177416,98700001470,80
/localization/kinematic_state,98750001471,1785623992302681807,110011438379105,98750001471,0
/tf,98750001471,1785623992306204879,110011441902126,98750001471,0
/sensing/lidar/top/pointcloud_raw_ex,98750001471,1785623992311739444,110011447436981,98750001471,115084
/localization/pose_estimator/pose_with_covariance,98700001470,1785623992332265591,110011467962970,98750001471,0
/tf,98800001472,1785623992352212596,110011487909966,98800001472,0
/localization/kinematic_state,98800001472,1785623992353408632,110011489105791,98800001472,0
/sensing/lidar/top/pointcloud_raw_ex,98800001472,1785623992361498507,110011497196127,98800001472,105948
/localization/pose_estimator/pose_with_covariance,98750001471,1785623992363294149,110011498991632,98800001472,0
/control/command/control_cmd,98800001472,1785623992399024654,110011534721970,98850001472,80
/control/command/control_cmd,98850001472,1785623992402314625,110011538012228,98850001472,80
/localization/kinematic_state,98850001472,1785623992410040661,110011545737889,98850001472,0
/sensing/lidar/top/pointcloud_raw_ex,98850001472,1785623992414849288,110011550546990,98850001472,112924
/tf,98850001472,1785623992415122188,110011550819076,98850001472,0
/localization/kinematic_state,98900001473,1785623992454506512,110011590203806,98900001473,0
/tf,98900001473,1785623992456563385,110011592260615,98900001473,0
/sensing/lidar/top/pointcloud_raw_ex,98900001473,1785623992462667179,110011598364663,98900001473,106844
/tf,98950001474,1785623992501813347,110011637510573,98950001474,0
/localization/kinematic_state,98950001474,1785623992501933318,110011637630316,98950001474,0
/sensing/lidar/top/pointcloud_raw_ex,98950001474,1785623992513567235,110011649264982,98950001474,115052
/localization/kinematic_state,99000001475,1785623992554594906,110011690292145,99000001475,0
/tf,99000001475,1785623992556232978,110011691930357,99000001475,0
/sensing/lidar/top/pointcloud_raw_ex,99000001475,1785623992559716921,110011695414528,99000001475,106732
/control/command/control_cmd,99000001475,1785623992591994394,110011727692003,99000001475,80
/tf,99050001475,1785623992600339318,110011736036601,99050001475,0
/localization/kinematic_state,99050001475,1785623992600666912,110011736363947,99050001475,0
/sensing/lidar/top/pointcloud_raw_ex,99050001475,1785623992613422660,110011749120447,99050001475,114908
/control/command/control_cmd,99050001475,1785623992640103094,110011775800630,99050001475,80
/localization/kinematic_state,99100001476,1785623992659463556,110011795160681,99100001476,0
/tf,99100001476,1785623992660474286,110011796171366,99100001476,0
/sensing/lidar/top/pointcloud_raw_ex,99100001476,1785623992662493519,110011798190905,99100001476,107292
/localization/pose_estimator/pose_with_covariance,99050001475,1785623992674071595,110011809768845,99100001476,0
/control/command/control_cmd,99100001476,1785623992695360082,110011831057954,99100001476,80
/localization/kinematic_state,99150001477,1785623992702038940,110011837736059,99150001477,0
/tf,99150001477,1785623992703927838,110011839625130,99150001477,0
/sensing/lidar/top/pointcloud_raw_ex,99150001477,1785623992712637677,110011848335337,99150001477,114492
/control/command/control_cmd,99150001477,1785623992751359664,110011887057539,99200001478,80
/localization/kinematic_state,99200001478,1785623992757006941,110011892704236,99200001478,0
/tf,99200001478,1785623992757615807,110011893312813,99200001478,0
/sensing/lidar/top/pointcloud_raw_ex,99200001478,1785623992762057947,110011897755578,99200001478,107100
/localization/kinematic_state,99250001478,1785623992803193493,110011938891075,99250001478,0
/tf,99250001478,1785623992805840909,110011941538100,99250001478,0
/sensing/lidar/top/pointcloud_raw_ex,99250001478,1785623992812267291,110011947964833,99250001478,115404
/control/command/control_cmd,99200001478,1785623992815299109,110011950996681,99250001478,80
/localization/kinematic_state,99300001479,1785623992864142699,110011999839970,99300001479,0
/tf,99300001479,1785623992864163549,110011999860391,99300001479,0
/sensing/lidar/top/pointcloud_raw_ex,99300001479,1785623992864617353,110012000314278,99300001479,106508
/localization/kinematic_state,99350001480,1785623992902067755,110012037765300,99350001480,0
/tf,99350001480,1785623992906392285,110012042089532,99350001480,0
/control/command/control_cmd,99300001479,1785623992910585892,110012046283645,99350001480,80
/sensing/lidar/top/pointcloud_raw_ex,99350001480,1785623992912552682,110012048250337,99350001480,114668
/localization/kinematic_state,99400001481,1785623992955022363,110012090719817,99400001481,0
/tf,99400001481,1785623992956984942,110012092681981,99400001481,0
/sensing/lidar/top/pointcloud_raw_ex,99400001481,1785623992961480433,110012097178072,99400001481,107996
/control/command/control_cmd,99400001481,1785623992978206653,110012113904454,99400001481,80
/localization/kinematic_state,99450001481,1785623993002196054,110012137893267,99450001481,0
/tf,99450001481,1785623993003884650,110012139581893,99450001481,0
/sensing/lidar/top/pointcloud_raw_ex,99450001481,1785623993012175515,110012147873425,99450001481,113500
/tf,99500001482,1785623993054552872,110012190250085,99500001482,0
/localization/kinematic_state,99500001482,1785623993056530952,110012192227992,99500001482,0
/sensing/lidar/top/pointcloud_raw_ex,99500001482,1785623993063322817,110012199020366,99500001482,106316
/localization/kinematic_state,99550001483,1785623993101676485,110012237373736,99550001483,0
/control/command/control_cmd,99500001482,1785623993102286797,110012237983691,99550001483,80
/tf,99550001483,1785623993103698478,110012239395592,99550001483,0
/control/command/control_cmd,99550001483,1785623993104497736,110012240194903,99550001483,80
/sensing/lidar/top/pointcloud_raw_ex,99550001483,1785623993115517753,110012251215650,99550001483,114092
/localization/kinematic_state,99600001484,1785623993160563885,110012296261085,99600001484,0
/tf,99600001484,1785623993160703831,110012296400754,99600001484,0
/sensing/lidar/top/pointcloud_raw_ex,99600001484,1785623993163231090,110012298928747,99600001484,106668
/sensing/lidar/top/pointcloud_raw_ex,99650001484,1785623993214024708,110012349722396,99650001484,114940
/tf,99650001484,1785623993220920619,110012356618036,99650001484,0
/localization/kinematic_state,99650001484,1785623993220964576,110012356661451,99650001484,0
/tf,99700001485,1785623993260552444,110012396249642,99700001485,0
/localization/kinematic_state,99700001485,1785623993260700491,110012396397550,99700001485,0
/sensing/lidar/top/pointcloud_raw_ex,99700001485,1785623993263431262,110012399128526,99700001485,106988
/localization/pose_estimator/pose_with_covariance,99650001484,1785623993263531864,110012399228713,99700001485,0
/tf,99750001486,1785623993302494667,110012438191873,99750001486,0
/localization/kinematic_state,99750001486,1785623993303224089,110012438921154,99750001486,0
/sensing/lidar/top/pointcloud_raw_ex,99750001486,1785623993320933753,110012456631442,99750001486,114316
/tf,99800001487,1785623993354684901,110012490382200,99800001487,0
/localization/kinematic_state,99800001487,1785623993355312123,110012491009178,99800001487,0
/sensing/lidar/top/pointcloud_raw_ex,99800001487,1785623993365013964,110012500711432,99800001487,106044
/tf,99850001487,1785623993403751777,110012539449092,99850001487,0
/localization/kinematic_state,99850001487,1785623993403793357,110012539490224,99850001487,0
/sensing/lidar/top/pointcloud_raw_ex,99850001487,1785623993414407947,110012550105610,99850001487,114732
/control/command/control_cmd,99850001487,1785623993448745613,110012584443500,99850001487,80
/tf,99900001488,1785623993454951293,110012590648603,99900001488,0
/localization/kinematic_state,99900001488,1785623993455428510,110012591125554,99900001488,0
/control/command/control_cmd,99900001488,1785623993463855801,110012599553580,99900001488,80
/sensing/lidar/top/pointcloud_raw_ex,99900001488,1785623993464011205,110012599708435,99900001488,107388
/tf,99950001489,1785623993502365945,110012638063133,99950001489,0
/localization/kinematic_state,99950001489,1785623993502592667,110012638289758,99950001489,0
/sensing/lidar/top/pointcloud_raw_ex,99950001489,1785623993517019907,110012652717741,99950001489,114508
/localization/kinematic_state,100000001490,1785623993558376376,110012694073587,100000001490,0
/tf,100000001490,1785623993558705104,110012694402029,100000001490,0
/sensing/lidar/top/pointcloud_raw_ex,100000001490,1785623993561881488,110012697578937,100000001490,105100
/tf,100050001490,1785623993602476504,110012738173737,100050001490,0
/localization/kinematic_state,100050001490,1785623993603094707,110012738791784,100050001490,0
/sensing/lidar/top/pointcloud_raw_ex,100050001490,1785623993613961017,110012749658814,100050001490,114380
/tf,100100001491,1785623993654519598,110012790219939,100100001491,0
/localization/kinematic_state,100100001491,1785623993654652815,110012790349824,100100001491,0
/sensing/lidar/top/pointcloud_raw_ex,100100001491,1785623993665707947,110012801405753,100100001491,105276
/control/command/control_cmd,100050001490,1785623993668736251,110012804434086,100100001491,80
/tf,100150001492,1785623993702376119,110012838073252,100150001492,0
/localization/kinematic_state,100150001492,1785623993702698666,110012838395822,100150001492,0
/sensing/lidar/top/pointcloud_raw_ex,100150001492,1785623993715140352,110012850837871,100150001492,114972
/localization/pose_estimator/pose_with_covariance,100100001491,1785623993721380448,110012857077932,100150001492,0
/tf,100200001493,1785623993753897348,110012889594821,100200001493,0
/localization/kinematic_state,100200001493,1785623993754184252,110012889881252,100200001493,0
/sensing/lidar/top/pointcloud_raw_ex,100200001493,1785623993764342719,110012900040249,100200001493,108508
/localization/kinematic_state,100250001493,1785623993812139140,110012947836495,100250001493,0
/tf,100250001493,1785623993813421683,110012949118978,100250001493,0
/sensing/lidar/top/pointcloud_raw_ex,100250001493,1785623993815841211,110012951538900,100250001493,114476
/control/command/control_cmd,100250001493,1785623993842527907,110012978225725,100250001493,80
/localization/kinematic_state,100300001494,1785623993855358594,110012991056056,100300001494,0
/tf,100300001494,1785623993856174702,110012991871841,100300001494,0
/sensing/lidar/top/pointcloud_raw_ex,100300001494,1785623993866879628,110013002577266,100300001494,108300
/localization/kinematic_state,100350001495,1785623993906361643,110013042058852,100350001495,0
/tf,100350001495,1785623993906575057,110013042272119,100350001495,0
/sensing/lidar/top/pointcloud_raw_ex,100350001495,1785623993918259916,110013053957478,100350001495,113324
/localization/kinematic_state,100400001496,1785623993959128463,110013094825572,100400001496,0
/tf,100400001496,1785623993961322369,110013097019451,100400001496,0
/sensing/lidar/top/pointcloud_raw_ex,100400001496,1785623993966762419,110013102460055,100400001496,106316
/localization/kinematic_state,100450001496,1785623994005271530,110013140968823,100450001496,0
/tf,100450001496,1785623994009383055,110013145080264,100450001496,0
/localization/pose_estimator/pose_with_covariance,100400001496,1785623994016909423,110013152606716,100450001496,0
/sensing/lidar/top/pointcloud_raw_ex,100450001496,1785623994018428133,110013154125395,100450001496,114476
/localization/kinematic_state,100500001497,1785623994057576986,110013193274211,100500001497,0
/tf,100500001497,1785623994058153612,110013193850783,100500001497,0
/sensing/lidar/top/pointcloud_raw_ex,100500001497,1785623994068848610,110013204546293,100500001497,107260
/tf,100550001498,1785623994106917249,110013242614439,100550001498,0
/localization/kinematic_state,100550001498,1785623994107002446,110013242699461,100550001498,0
/localization/pose_estimator/pose_with_covariance,100500001497,1785623994116302846,110013252004504,100550001498,0
/sensing/lidar/top/pointcloud_raw_ex,100550001498,1785623994118387147,110013254084844,100550001498,116204
/sensing/lidar/top/pointcloud_raw_ex,100600001499,1785623994165695494,110013301393061,100600001499,106188
/localization/kinematic_state,100600001499,1785623994165751913,110013301448817,100600001499,0
/control/command/control_cmd,100550001498,1785623994169356661,110013305054315,100600001499,80
/control/command/control_cmd,100550001498,1785623994169377220,110013305074073,100600001499,80
/tf,100600001499,1785623994169409111,110013305105956,100600001499,0
/tf,100650001499,1785623994210781572,110013346478915,100650001499,0
/localization/kinematic_state,100650001499,1785623994211263903,110013346960934,100650001499,0
/sensing/lidar/top/pointcloud_raw_ex,100650001499,1785623994216958839,110013352656520,100650001499,114284
/tf,100700001500,1785623994258499846,110013394197073,100700001500,0
/localization/kinematic_state,100700001500,1785623994258544409,110013394241293,100700001500,0
/localization/pose_estimator/pose_with_covariance,100650001499,1785623994265592708,110013401289802,100700001500,0
/sensing/lidar/top/pointcloud_raw_ex,100700001500,1785623994266395139,110013402092150,100700001500,105324
/control/command/control_cmd,100700001500,1785623994298357271,110013434054785,100700001500,80
/localization/kinematic_state,100750001501,1785623994306354174,110013442051264,100750001501,0
/tf,100750001501,1785623994310566496,110013446263777,100750001501,0
/sensing/lidar/top/pointcloud_raw_ex,100750001501,1785623994320489406,110013456187180,100750001501,113804
/tf,100800001502,1785623994355827472,110013491524751,100800001502,0
/localization/kinematic_state,100800001502,1785623994355899392,110013491596288,100800001502,0
/control/command/control_cmd,100750001501,1785623994361605296,110013497303092,100800001502,80
/sensing/lidar/top/pointcloud_raw_ex,100800001502,1785623994369365552,110013505063363,100800001502,106700
/localization/pose_estimator/pose_with_covariance,100750001501,1785623994371743453,110013507440838,100800001502,0
/tf,100850001502,1785623994405934606,110013541631757,100850001502,0
/localization/kinematic_state,100850001502,1785623994407020302,110013542717481,100850001502,0
/sensing/lidar/top/pointcloud_raw_ex,100850001502,1785623994419168175,110013554865426,100850001502,113404
/localization/pose_estimator/pose_with_covariance,100800001502,1785623994455480483,110013591177624,100900001503,0
/control/command/control_cmd,100900001503,1785623994457981159,110013593678625,100900001503,80
/localization/kinematic_state,100900001503,1785623994458723191,110013594420328,100900001503,0
/tf,100900001503,1785623994463487811,110013599185203,100900001503,0
/sensing/lidar/top/pointcloud_raw_ex,100900001503,1785623994469675884,110013605373943,100900001503,106764
/tf,100950001504,1785623994509243223,110013644940486,100950001504,0
/localization/kinematic_state,100950001504,1785623994509297481,110013644994344,100950001504,0
/sensing/lidar/top/pointcloud_raw_ex,100950001504,1785623994518383015,110013654080691,100950001504,112780
/control/command/control_cmd,100950001504,1785623994552467175,110013688164752,100950001504,80
/sensing/lidar/top/pointcloud_raw_ex,101000001505,1785623994568430277,110013704128073,101000001505,106028
/tf,101000001505,1785623994569802060,110013705499346,101000001505,0
/localization/kinematic_state,101000001505,1785623994570204368,110013705901484,101000001505,0
/control/command/control_cmd,101000001505,1785623994589978641,110013725676613,101000001505,80
/tf,101050001505,1785623994612433506,110013748130814,101050001505,0
/localization/kinematic_state,101050001505,1785623994613361700,110013749058827,101050001505,0
/sensing/lidar/top/pointcloud_raw_ex,101050001505,1785623994620587524,110013756285260,101050001505,114092
/tf,101100001506,1785623994662371759,110013798068976,101100001506,0
/localization/kinematic_state,101100001506,1785623994663354089,110013799051247,101100001506,0
/control/command/control_cmd,101050001505,1785623994669345919,110013805043782,101100001506,80
/sensing/lidar/top/pointcloud_raw_ex,101100001506,1785623994671417681,110013807115126,101100001506,105660
/localization/kinematic_state,101150001507,1785623994707823219,110013843520453,101150001507,0
/tf,101150001507,1785623994707846833,110013843543688,101150001507,0
/sensing/lidar/top/pointcloud_raw_ex,101150001507,1785623994717902185,110013853599847,101150001507,115004
/localization/kinematic_state,101200001507,1785623994760052466,110013895749849,101200001507,0
/tf,101200001507,1785623994766515136,110013902212460,101200001507,0
/sensing/lidar/top/pointcloud_raw_ex,101200001507,1785623994769259322,110013904957122,101200001507,106700
/tf,101250001508,1785623994807808250,110013943505492,101250001508,0
/localization/kinematic_state,101250001508,1785623994808083843,110013943780880,101250001508,0
/sensing/lidar/top/pointcloud_raw_ex,101250001508,1785623994867484113,110014003181746,101250001508,114220
/localization/kinematic_state,101300001509,1785623994873398733,110014009096130,101300001509,0
/tf,101300001509,1785623994875023762,110014010721000,101300001509,0
/control/command/control_cmd,101300001509,1785623994881834589,110014017532354,101300001509,80
/tf,101350001510,1785623994924455533,110014060152721,101350001510,0
/localization/kinematic_state,101350001510,1785623994924628531,110014060325440,101350001510,0
/sensing/lidar/top/pointcloud_raw_ex,101350001510,1785623994937011030,110014072708740,101350001510,115372
/tf,101400001510,1785623994972961304,110014108658411,101400001510,0
/localization/kinematic_state,101400001510,1785623994973510802,110014109207814,101400001510,0
/control/command/control_cmd,101400001510,1785623994979961854,110014115659621,101400001510,80
/sensing/lidar/top/pointcloud_raw_ex,101400001510,1785623994984710711,110014120408654,101400001510,107420
/tf,101450001511,1785623995024243432,110014159940716,101450001511,0
/localization/kinematic_state,101450001511,1785623995024333146,110014160030005,101450001511,0
/sensing/lidar/top/pointcloud_raw_ex,101450001511,1785623995036507406,110014172205004,101450001511,113356
/localization/kinematic_state,101500001512,1785623995075807339,110014211504520,101500001512,0
/tf,101500001512,1785623995078503830,110014214201125,101500001512,0
/sensing/lidar/top/pointcloud_raw_ex,101500001512,1785623995085743620,110014221441277,101500001512,105244
/localization/pose_estimator/pose_with_covariance,101450001511,1785623995108254803,110014243951958,101500001512,0
/localization/kinematic_state,101550001513,1785623995125815933,110014261513071,101550001513,0
/tf,101550001513,1785623995126166382,110014261863333,101550001513,0
/sensing/lidar/top/pointcloud_raw_ex,101550001513,1785623995137245206,110014272942708,101550001513,113948
/control/command/control_cmd,101600001513,1785623995177699410,110014313396830,101600001513,80
/tf,101600001513,1785623995186558982,110014322256331,101600001513,0
/localization/kinematic_state,101600001513,1785623995186676723,110014322373631,101600001513,0
/sensing/lidar/top/pointcloud_raw_ex,101600001513,1785623995187242794,110014322939730,101600001513,107740
/localization/pose_estimator/pose_with_covariance,101550001513,1785623995218495446,110014354192699,101600001513,0
/localization/kinematic_state,101650001514,1785623995225594072,110014361291322,101650001514,0
/tf,101650001514,1785623995228831013,110014364527961,101650001514,0
/sensing/lidar/top/pointcloud_raw_ex,101650001514,1785623995238030318,110014373727700,101650001514,112796
/control/command/control_cmd,101650001514,1785623995256105879,110014391803440,101650001514,80
/localization/kinematic_state,101700001515,1785623995277764190,110014413461304,101700001515,0
/tf,101700001515,1785623995277837257,110014413534092,101700001515,0
/sensing/lidar/top/pointcloud_raw_ex,101700001515,1785623995284778493,110014420476029,101700001515,105724
/tf,101750001516,1785623995327733899,110014463431187,101750001516,0
/localization/kinematic_state,101750001516,1785623995327778739,110014463475595,101750001516,0
/sensing/lidar/top/pointcloud_raw_ex,101750001516,1785623995337635091,110014473332674,101750001516,114188
/tf,101800001516,1785623995384168956,110014519866154,101800001516,0
/localization/kinematic_state,101800001516,1785623995384374323,110014520071334,101800001516,0
/control/command/control_cmd,101750001516,1785623995385462561,110014521159878,101800001516,80
/sensing/lidar/top/pointcloud_raw_ex,101800001516,1785623995387217227,110014522914574,101800001516,106188
/localization/kinematic_state,101850001517,1785623995430556155,110014566253565,101850001517,0
/tf,101850001517,1785623995430591641,110014566288491,101850001517,0
/sensing/lidar/top/pointcloud_raw_ex,101850001517,1785623995437398780,110014573096769,101850001517,115356
/tf,101900001518,1785623995477213569,110014612910861,101900001518,0
/localization/kinematic_state,101900001518,1785623995477257822,110014612954689,101900001518,0
/sensing/lidar/top/pointcloud_raw_ex,101900001518,1785623995490241058,110014625938647,101900001518,106652
/tf,101950001519,1785623995525745566,110014661442972,101950001519,0
/localization/kinematic_state,101950001519,1785623995525791099,110014661487951,101950001519,0
/sensing/lidar/top/pointcloud_raw_ex,101950001519,1785623995537442143,110014673140022,101950001519,113836
/localization/kinematic_state,102000001519,1785623995576374701,110014712071919,102000001519,0
/tf,102000001519,1785623995578313561,110014714010909,102000001519,0
/sensing/lidar/top/pointcloud_raw_ex,102000001519,1785623995588001757,110014723699575,102000001519,107068
/control/command/control_cmd,102000001519,1785623995605774100,110014741471923,102000001519,80
/tf,102050001520,1785623995625478947,110014761176571,102050001520,0
/localization/kinematic_state,102050001520,1785623995625712847,110014761409887,102050001520,0
/sensing/lidar/top/pointcloud_raw_ex,102050001520,1785623995639071949,110014774769493,102050001520,114444
/tf,102100001521,1785623995678143864,110014813841174,102100001521,0
/localization/kinematic_state,102100001521,1785623995678902489,110014814599740,102100001521,0
/sensing/lidar/top/pointcloud_raw_ex,102100001521,1785623995688271808,110014823969396,102100001521,107116
/localization/kinematic_state,102150001522,1785623995728670654,110014864367822,102150001522,0
/tf,102150001522,1785623995728900265,110014864597269,102150001522,0
/sensing/lidar/top/pointcloud_raw_ex,102150001522,1785623995737999676,110014873697359,102150001522,115868
/localization/pose_estimator/pose_with_covariance,102050001520,1785623995742116915,110014877814175,102150001522,0
/tf,102200001522,1785623995777907114,110014913604347,102200001522,0
/localization/kinematic_state,102200001522,1785623995777945169,110014913642063,102200001522,0
/sensing/lidar/top/pointcloud_raw_ex,102200001522,1785623995784882461,110014920579816,102200001522,106508
/control/command/control_cmd,102150001522,1785623995792285593,110014927983529,102200001522,80
/tf,102250001523,1785623995828619600,110014964317025,102250001523,0
/localization/kinematic_state,102250001523,1785623995828798801,110014964495796,102250001523,0
/sensing/lidar/top/pointcloud_raw_ex,102250001523,1785623995839607721,110014975305570,102250001523,115916
/control/command/control_cmd,102250001523,1785623995843881572,110014979579268,102250001523,80
/tf,102300001524,1785623995882188001,110015017885314,102300001524,0
/localization/kinematic_state,102300001524,1785623995884018869,110015019716207,102300001524,0
/sensing/lidar/top/pointcloud_raw_ex,102300001524,1785623995886645486,110015022343115,102300001524,106252
/tf,102350001525,1785623995926430169,110015062127395,102350001525,0
/control/command/control_cmd,102350001525,1785623995927624626,110015063322066,102350001525,80
/localization/kinematic_state,102350001525,1785623995928097033,110015063794071,102350001525,0
/sensing/lidar/top/pointcloud_raw_ex,102350001525,1785623995940230912,110015075928563,102350001525,114620
/control/command/control_cmd,102400001525,1785623995978349053,110015114046759,102400001525,80
/localization/kinematic_state,102400001525,1785623995985362753,110015121060095,102400001525,0
/sensing/lidar/top/pointcloud_raw_ex,102400001525,1785623995988173931,110015123871809,102400001525,106380
/tf,102400001525,1785623995988544361,110015124241358,102400001525,0
/tf,102450001526,1785623996026825045,110015162522457,102450001526,0
/localization/kinematic_state,102450001526,1785623996027708153,110015163405185,102450001526,0
/sensing/lidar/top/pointcloud_raw_ex,102450001526,1785623996038493880,110015174191706,102450001526,115468
/localization/kinematic_state,102500001527,1785623996077655440,110015213352791,102500001527,0
/tf,102500001527,1785623996079323308,110015215020494,102500001527,0
/sensing/lidar/top/pointcloud_raw_ex,102500001527,1785623996089232776,110015224930398,102500001527,108540
/localization/kinematic_state,102550001528,1785623996128461625,110015264158949,102550001528,0
/tf,102550001528,1785623996128563088,110015264260139,102550001528,0
/sensing/lidar/top/pointcloud_raw_ex,102550001528,1785623996139694747,110015275392359,102550001528,114828
/localization/kinematic_state,102600001528,1785623996178235799,110015313933056,102600001528,0
/tf,102600001528,1785623996187334936,110015323032300,102600001528,0
/sensing/lidar/top/pointcloud_raw_ex,102600001528,1785623996189345988,110015325043789,102600001528,105164
/control/command/control_cmd,102550001528,1785623996190959337,110015326657108,102600001528,80
/localization/kinematic_state,102650001529,1785623996235877650,110015371575016,102650001529,0
/tf,102650001529,1785623996236063740,110015371760781,102650001529,0
/sensing/lidar/top/pointcloud_raw_ex,102650001529,1785623996240055912,110015375753565,102650001529,113244
/sensing/lidar/top/pointcloud_raw_ex,102700001530,1785623996286444469,110015422142338,102700001530,106524
/tf,102700001530,1785623996287133540,110015422830592,102700001530,0
/localization/kinematic_state,102700001530,1785623996287352417,110015423049431,102700001530,0
/localization/kinematic_state,102750001531,1785623996328158520,110015463855778,102750001531,0
/tf,102750001531,1785623996331647064,110015467344564,102750001531,0
/sensing/lidar/top/pointcloud_raw_ex,102750001531,1785623996337819078,110015473516938,102750001531,114620
/localization/pose_estimator/pose_with_covariance,102650001529,1785623996341449437,110015477146860,102750001531,0
/tf,102800001531,1785623996379246117,110015514943328,102800001531,0
/localization/kinematic_state,102800001531,1785623996379740273,110015515437263,102800001531,0
/control/command/control_cmd,102800001531,1785623996384450850,110015520148408,102800001531,80
/sensing/lidar/top/pointcloud_raw_ex,102800001531,1785623996390745343,110015526442750,102800001531,105468
/tf,102850001532,1785623996427291441,110015562988698,102850001532,0
/localization/kinematic_state,102850001532,1785623996427383873,110015563080711,102850001532,0
/sensing/lidar/top/pointcloud_raw_ex,102850001532,1785623996440051656,110015575749191,102850001532,113036
/control/command/control_cmd,102850001532,1785623996454960512,110015590658102,102850001532,80
/tf,102900001533,1785623996487186605,110015622883907,102900001533,0
/localization/kinematic_state,102900001533,1785623996488501370,110015624198467,102900001533,0
/sensing/lidar/top/pointcloud_raw_ex,102900001533,1785623996490284308,110015625981745,102900001533,106508
/localization/kinematic_state,102950001534,1785623996533508534,110015669205785,102950001534,0
/tf,102950001534,1785623996533541985,110015669238824,102950001534,0
/sensing/lidar/top/pointcloud_raw_ex,102950001534,1785623996540782219,110015676479932,102950001534,113740
/localization/pose_estimator/pose_with_covariance,102900001533,1785623996555197677,110015690894884,102950001534,0
/tf,103000001534,1785623996585552628,110015721249929,103000001534,0
/localization/kinematic_state,103000001534,1785623996585626219,110015721323128,103000001534,0
/sensing/lidar/top/pointcloud_raw_ex,103000001534,1785623996591993906,110015727691625,103000001534,105148
/control/command/control_cmd,102950001534,1785623996600353528,110015736051140,103000001534,80
/localization/pose_estimator/pose_with_covariance,102950001534,1785623996609079790,110015744777052,103000001534,0
/tf,103050001535,1785623996633542541,110015769239751,103050001535,0
/localization/kinematic_state,103050001535,1785623996633909133,110015769606160,103050001535,0
/sensing/lidar/top/pointcloud_raw_ex,103050001535,1785623996643335292,110015779032843,103050001535,114316
/localization/kinematic_state,103100001536,1785623996688366098,110015824063309,103100001536,0
/tf,103100001536,1785623996688389063,110015824085923,103100001536,0
/sensing/lidar/top/pointcloud_raw_ex,103100001536,1785623996690507063,110015826204772,103100001536,106540
/tf,103150001537,1785623996731132292,110015866829731,103150001537,0
/localization/kinematic_state,103150001537,1785623996731610505,110015867307507,103150001537,0
/sensing/lidar/top/pointcloud_raw_ex,103150001537,1785623996741561298,110015877259115,103150001537,114620
/localization/kinematic_state,103200001537,1785623996780881379,110015916578812,103200001537,0
/tf,103200001537,1785623996783233017,110015918930291,103200001537,0
/sensing/lidar/top/pointcloud_raw_ex,103200001537,1785623996789819395,110015925517062,103200001537,105292
/localization/kinematic_state,103250001538,1785623996829911300,110015965608488,103250001538,0
/tf,103250001538,1785623996831744313,110015967441422,103250001538,0
/sensing/lidar/top/pointcloud_raw_ex,103250001538,1785623996841486213,110015977183733,103250001538,114588
/control/command/control_cmd,103250001538,1785623996875473214,110016011170794,103250001538,80
/localization/kinematic_state,103300001539,1785623996883045225,110016018742558,103300001539,0
/tf,103300001539,1785623996883457285,110016019154337,103300001539,0
/sensing/lidar/top/pointcloud_raw_ex,103300001539,1785623996892150485,110016027848001,103300001539,107756
/tf,103350001540,1785623996927606797,110016063304158,103350001540,0
/localization/kinematic_state,103350001540,1785623996927676760,110016063373657,103350001540,0
/control/command/control_cmd,103300001539,1785623996933035111,110016068732782,103350001540,80
/sensing/lidar/top/pointcloud_raw_ex,103350001540,1785623996939173337,110016074871129,103350001540,113836
/localization/pose_estimator/pose_with_covariance,103300001539,1785623996963797558,110016099494936,103350001540,0
/localization/kinematic_state,103400001540,1785623996979421679,110016115118577,103400001540,0
/tf,103400001540,1785623996986358554,110016122055897,103400001540,0
/sensing/lidar/top/pointcloud_raw_ex,103400001540,1785623996990284944,110016125982498,103400001540,107692
/tf,103450001541,1785623997028637583,110016164387648,103450001541,0
/localization/kinematic_state,103450001541,1785623997028734540,110016164431370,103450001541,0
/sensing/lidar/top/pointcloud_raw_ex,103450001541,1785623997041481344,110016177178954,103450001541,112844
/tf,103500001542,1785623997088148586,110016223845837,103500001542,0
/localization/kinematic_state,103500001542,1785623997088312067,110016224009028,103500001542,0
/sensing/lidar/top/pointcloud_raw_ex,103500001542,1785623997091343544,110016227041181,103500001542,105516
/control/command/control_cmd,103500001542,1785623997118217094,110016253914806,103500001542,80
/localization/kinematic_state,103550001543,1785623997128593948,110016264291094,103550001543,0
/tf,103550001543,1785623997128630328,110016264327258,103550001543,0
/sensing/lidar/top/pointcloud_raw_ex,103550001543,1785623997140208157,110016275905842,103550001543,113724
/control/command/control_cmd,103550001543,1785623997143477780,110016279175263,103550001543,80
/localization/kinematic_state,103600001543,1785623997181725629,110016317422838,103600001543,0
/tf,103600001543,1785623997182861851,110016318558912,103600001543,0
/control/command/control_cmd,103600001543,1785623997186062269,110016321759752,103600001543,80
/sensing/lidar/top/pointcloud_raw_ex,103600001543,1785623997194624782,110016330322593,103600001543,108476
/tf,103650001544,1785623997234518232,110016370215469,103650001544,0
/localization/kinematic_state,103650001544,1785623997234964605,110016370661703,103650001544,0
/sensing/lidar/top/pointcloud_raw_ex,103650001544,1785623997242435961,110016378133880,103650001544,115132
/localization/kinematic_state,103700001545,1785623997279030499,110016414727658,103700001545,0
/tf,103700001545,1785623997283360480,110016419057558,103700001545,0
/sensing/lidar/top/pointcloud_raw_ex,103700001545,1785623997291779252,110016427476917,103700001545,107228
/localization/kinematic_state,103750001545,1785623997341560358,110016477257647,103750001545,0
/sensing/lidar/top/pointcloud_raw_ex,103750001545,1785623997342914295,110016478611813,103750001545,114588
/tf,103750001545,1785623997343752181,110016479449223,103750001545,0
/localization/kinematic_state,103800001546,1785623997391372664,110016527069789,103800001546,0
/tf,103800001546,1785623997391393573,110016527090425,103800001546,0
/sensing/lidar/top/pointcloud_raw_ex,103800001546,1785623997392823613,110016528521052,103800001546,106332
/control/command/control_cmd,103800001546,1785623997399490282,110016535187982,103800001546,80
/tf,103850001547,1785623997433704007,110016569401305,103850001547,0
/localization/kinematic_state,103850001547,1785623997433891876,110016569588822,103850001547,0
/sensing/lidar/top/pointcloud_raw_ex,103850001547,1785623997444035696,110016579733352,103850001547,116028
/localization/pose_estimator/pose_with_covariance,103800001546,1785623997452413539,110016588110806,103850001547,0
/localization/pose_estimator/pose_with_covariance,103850001547,1785623997491657170,110016627354392,103900001548,0
/localization/kinematic_state,103900001548,1785623997491746296,110016627443422,103900001548,0
/tf,103900001548,1785623997492437126,110016628134083,103900001548,0
/sensing/lidar/top/pointcloud_raw_ex,103900001548,1785623997494078620,110016629776102,103900001548,105548
/tf,103950001548,1785623997543113883,110016678811231,103950001548,0
/localization/kinematic_state,103950001548,1785623997543383049,110016679080001,103950001548,0
/sensing/lidar/top/pointcloud_raw_ex,103950001548,1785623997544552841,110016680250058,103950001548,114508
/localization/kinematic_state,104000001549,1785623997585459840,110016721157076,104000001549,0
/tf,104000001549,1785623997586405164,110016722102426,104000001549,0
/sensing/lidar/top/pointcloud_raw_ex,104000001549,1785623997589944002,110016725641666,104000001549,106108
/tf,104050001550,1785623997637834387,110016773531665,104050001550,0
/localization/kinematic_state,104050001550,1785623997638351231,110016774048357,104050001550,0
/sensing/lidar/top/pointcloud_raw_ex,104050001550,1785623997641301876,110016776999513,104050001550,114284
/localization/pose_estimator/pose_with_covariance,104050001550,1785623997688385378,110016824082867,104100001551,0
/localization/kinematic_state,104100001551,1785623997688777156,110016824474172,104100001551,0
/tf,104100001551,1785623997689834389,110016825531521,104100001551,0
/sensing/lidar/top/pointcloud_raw_ex,104100001551,1785623997693613953,110016829311886,104100001551,106060
/localization/kinematic_state,104150001551,1785623997737090881,110016872788098,104150001551,0
/tf,104150001551,1785623997737280089,110016872977054,104150001551,0
/sensing/lidar/top/pointcloud_raw_ex,104150001551,1785623997743534282,110016879231821,104150001551,115868
/localization/kinematic_state,104200001552,1785623997784122195,110016919819423,104200001552,0
/tf,104200001552,1785623997784157652,110016919854498,104200001552,0
/sensing/lidar/top/pointcloud_raw_ex,104200001552,1785623997790179889,110016925877654,104200001552,107308
/tf,104250001553,1785623997840013217,110016975710461,104250001553,0
/localization/kinematic_state,104250001553,1785623997840684174,110016976381201,104250001553,0
/sensing/lidar/top/pointcloud_raw_ex,104250001553,1785623997843719384,110016979416759,104250001553,115724
/localization/kinematic_state,104300001554,1785623997884174431,110017019871753,104300001554,0
/tf,104300001554,1785623997886506036,110017022203057,104300001554,0
/sensing/lidar/top/pointcloud_raw_ex,104300001554,1785623997895633422,110017031330968,104300001554,106668
/localization/kinematic_state,104350001554,1785623997934180828,110017069877915,104350001554,0
/tf,104350001554,1785623997940096427,110017075793554,104350001554,0
/sensing/lidar/top/pointcloud_raw_ex,104350001554,1785623997945519738,110017081217072,104350001554,114668
/localization/kinematic_state,104400001555,1785623997984402036,110017120099208,104400001555,0
/tf,104400001555,1785623997988073512,110017123770795,104400001555,0
/sensing/lidar/top/pointcloud_raw_ex,104400001555,1785623997993740831,110017129438662,104400001555,105820
/control/command/control_cmd,104400001555,1785623998017070342,110017152768161,104400001555,80
/localization/pose_estimator/pose_with_covariance,104350001554,1785623998039079399,110017174776745,104450001556,0
/sensing/lidar/top/pointcloud_raw_ex,104450001556,1785623998046039914,110017181737566,104450001556,114908
/tf,104450001556,1785623998053417649,110017189114874,104450001556,0
/localization/kinematic_state,104450001556,1785623998053625430,110017189322425,104450001556,0
/localization/kinematic_state,104500001557,1785623998087351960,110017223049444,104500001557,0
/tf,104500001557,1785623998090316998,110017226014215,104500001557,0
/control/command/control_cmd,104450001556,1785623998094490227,110017230187896,104500001557,80
/sensing/lidar/top/pointcloud_raw_ex,104500001557,1785623998096363401,110017232060968,104500001557,107212
/localization/kinematic_state,104550001557,1785623998137150160,110017272847368,104550001557,0
/tf,104550001557,1785623998137491702,110017273188771,104550001557,0
/sensing/lidar/top/pointcloud_raw_ex,104550001557,1785623998148902474,110017284600229,104550001557,113836
/control/command/control_cmd,104550001557,1785623998169868997,110017305566651,104550001557,80
/localization/kinematic_state,104600001558,1785623998185485940,110017321183533,104600001558,0
/tf,104600001558,1785623998185773151,110017321470175,104600001558,0
/sensing/lidar/top/pointcloud_raw_ex,104600001558,1785623998196034576,110017331732106,104600001558,105820
/control/command/control_cmd,104600001558,1785623998229263366,110017364960716,104600001558,80
/control/command/control_cmd,104650001559,1785623998232800326,110017368497878,104650001559,80
/localization/kinematic_state,104650001559,1785623998243366494,110017379063904,104650001559,0
/tf,104650001559,1785623998245433468,110017381130816,104650001559,0
/sensing/lidar/top/pointcloud_raw_ex,104650001559,1785623998248282699,110017383980474,104650001559,115836
/tf,104700001560,1785623998283628558,110017419325817,104700001560,0
/localization/kinematic_state,104700001560,1785623998283844659,110017419541663,104700001560,0
/sensing/lidar/top/pointcloud_raw_ex,104700001560,1785623998297640593,110017433381981,104700001560,107084
/tf,104750001560,1785623998335182206,110017470879480,104750001560,0
/localization/kinematic_state,104750001560,1785623998335587328,110017471284310,104750001560,0
/sensing/lidar/top/pointcloud_raw_ex,104750001560,1785623998348104531,110017483802120,104750001560,114748
/control/command/control_cmd,104800001561,1785623998385697392,110017521395128,104800001561,80
/localization/kinematic_state,104800001561,1785623998386417740,110017522114796,104800001561,0
/tf,104800001561,1785623998386437930,110017522134747,104800001561,0
/localization/pose_estimator/pose_with_covariance,104700001560,1785623998394121315,110017529818757,104800001561,0
/sensing/lidar/top/pointcloud_raw_ex,104800001561,1785623998398668615,110017534366121,104800001561,108476
/tf,104850001562,1785623998444370058,110017580067518,104850001562,0
/localization/kinematic_state,104850001562,1785623998445352616,110017581049759,104850001562,0
/sensing/lidar/top/pointcloud_raw_ex,104850001562,1785623998446912968,110017582610353,104850001562,113948
/control/command/control_cmd,104850001562,1785623998447349129,110017583046267,104850001562,80
/localization/pose_estimator/pose_with_covariance,104800001561,1785623998483249304,110017618946286,104900001563,0
/localization/kinematic_state,104900001563,1785623998486618971,110017622316401,104900001563,0
/tf,104900001563,1785623998488945135,110017624642595,104900001563,0
/sensing/lidar/top/pointcloud_raw_ex,104900001563,1785623998498156375,110017633854193,104900001563,105756
/control/command/control_cmd,104900001563,1785623998534472638,110017670169866,104950001563,80
/tf,104950001563,1785623998535377702,110017671074669,104950001563,0
/localization/kinematic_state,104950001563,1785623998535415359,110017671112210,104950001563,0
/control/command/control_cmd,104950001563,1785623998547228741,110017682926423,104950001563,80
/sensing/lidar/top/pointcloud_raw_ex,104950001563,1785623998547951028,110017683648429,104950001563,115564
/tf,105000001564,1785623998585224377,110017720921868,105000001564,0
/localization/kinematic_state,105000001564,1785623998585432348,110017721129403,105000001564,0
/sensing/lidar/top/pointcloud_raw_ex,105000001564,1785623998596706400,110017732404032,105000001564,105548
/localization/kinematic_state,105050001565,1785623998638769063,110017774466179,105050001565,0
/tf,105050001565,1785623998641721131,110017777418379,105050001565,0
/sensing/lidar/top/pointcloud_raw_ex,105050001565,1785623998646298385,110017781995938,105050001565,115676
/localization/kinematic_state,105100001566,1785623998686439389,110017822136541,105100001566,0
/tf,105100001566,1785623998686959560,110017822656619,105100001566,0
/sensing/lidar/top/pointcloud_raw_ex,105100001566,1785623998695423522,110017831121130,105100001566,105948
/localization/kinematic_state,105150001566,1785623998735198433,110017870895691,105150001566,0
/tf,105150001566,1785623998735455174,110017871152182,105150001566,0
/sensing/lidar/top/pointcloud_raw_ex,105150001566,1785623998747765800,110017883463697,105150001566,114012
/control/command/control_cmd,105100001566,1785623998756465644,110017892163327,105150001566,80
/localization/kinematic_state,105200001567,1785623998785972554,110017921669957,105200001567,0
/tf,105200001567,1785623998786020068,110017921716949,105200001567,0
/sensing/lidar/top/pointcloud_raw_ex,105200001567,1785623998797262176,110017932959683,105200001567,107276
/tf,105250001568,1785623998842097025,110017977794318,105250001568,0
/localization/kinematic_state,105250001568,1785623998842964610,110017978661640,105250001568,0
/sensing/lidar/top/pointcloud_raw_ex,105250001568,1785623998847916463,110017983613938,105250001568,115324
/localization/pose_estimator/pose_with_covariance,105200001567,1785623998854265864,110017989963085,105250001568,0
/tf,105300001569,1785623998895766714,110018031464046,105300001569,0
/localization/kinematic_state,105300001569,1785623998895842946,110018031539940,105300001569,0
/sensing/lidar/top/pointcloud_raw_ex,105300001569,1785623998896179399,110018031876412,105300001569,105884
/localization/kinematic_state,105350001569,1785623998939716689,110018075414148,105350001569,0
/tf,105350001569,1785623998940087103,110018075784085,105350001569,0
/sensing/lidar/top/pointcloud_raw_ex,105350001569,1785623998950802825,110018086500681,105350001569,115036
/localization/kinematic_state,105400001570,1785623998989010372,110018124707631,105400001570,0
/tf,105400001570,1785623998989930749,110018125627819,105400001570,0
/sensing/lidar/top/pointcloud_raw_ex,105400001570,1785623998999498582,110018135196270,105400001570,106380
/localization/pose_estimator/pose_with_covariance,105350001569,1785623999034041959,110018169739157,105400001570,0
/tf,105450001571,1785623999039358383,110018175055761,105450001571,0
/localization/kinematic_state,105450001571,1785623999039410438,110018175107349,105450001571,0
/sensing/lidar/top/pointcloud_raw_ex,105450001571,1785623999048924536,110018184622066,105450001571,114844
/localization/kinematic_state,105500001572,1785623999087485208,110018223182582,105500001572,0
/tf,105500001572,1785623999087521608,110018223218477,105500001572,0
/sensing/lidar/top/pointcloud_raw_ex,105500001572,1785623999099512355,110018235210123,105500001572,106620
/localization/kinematic_state,105550001572,1785623999138503094,110018274199999,105550001572,0
/tf,105550001572,1785623999141392959,110018277090167,105550001572,0
/sensing/lidar/top/pointcloud_raw_ex,105550001572,1785623999149593526,110018285291172,105550001572,114588
/tf,105600001573,1785623999191120197,110018326817398,105600001573,0
/localization/kinematic_state,105600001573,1785623999191164285,110018326861142,105600001573,0
/sensing/lidar/top/pointcloud_raw_ex,105600001573,1785623999201023617,110018336721260,105600001573,106684
/control/command/control_cmd,105600001573,1785623999209271358,110018344968870,105600001573,80
/tf,105650001574,1785623999243729864,110018379427254,105650001574,0
/localization/kinematic_state,105650001574,1785623999243867238,110018379564328,105650001574,0
/sensing/lidar/top/pointcloud_raw_ex,105650001574,1785623999252079945,110018387777586,105650001574,115500
/localization/kinematic_state,105700001575,1785623999289458225,110018425155364,105700001575,0
/tf,105700001575,1785623999296721485,110018432418889,105700001575,0
/sensing/lidar/top/pointcloud_raw_ex,105700001575,1785623999301682576,110018437379998,105700001575,105420
/control/command/control_cmd,105700001575,1785623999308855628,110018444553023,105700001575,80
/tf,105750001575,1785623999336647354,110018472344537,105750001575,0
/localization/kinematic_state,105750001575,1785623999336909763,110018472606745,105750001575,0
/sensing/lidar/top/pointcloud_raw_ex,105750001575,1785623999350175548,110018485873156,105750001575,113628
/control/command/control_cmd,105750001575,1785623999358007679,110018493705613,105750001575,80
/sensing/lidar/top/pointcloud_raw_ex,105800001576,1785623999400415135,110018536112822,105800001576,106828
/localization/kinematic_state,105800001576,1785623999400456025,110018536152861,105800001576,0
/tf,105800001576,1785623999400474816,110018536171653,105800001576,0
/localization/kinematic_state,105850001577,1785623999443408341,110018579105599,105850001577,0
/tf,105850001577,1785623999443445274,110018579142100,105850001577,0
/sensing/lidar/top/pointcloud_raw_ex,105850001577,1785623999448234134,110018583931811,105850001577,114924
/tf,105900001578,1785623999487451192,110018623148637,105900001578,0
/localization/kinematic_state,105900001578,1785623999488043489,110018623740739,105900001578,0
/sensing/lidar/top/pointcloud_raw_ex,105900001578,1785623999498993156,110018634690984,105900001578,105516
/localization/pose_estimator/pose_with_covariance,105850001577,1785623999519907502,110018655604791,105900001578,0
/tf,105950001578,1785623999537965340,110018673662493,105950001578,0
/localization/kinematic_state,105950001578,1785623999539919867,110018675617091,105950001578,0
/sensing/lidar/top/pointcloud_raw_ex,105950001578,1785623999549296290,110018684993983,105950001578,115948
/localization/kinematic_state,106000001579,1785623999589436889,110018725134474,106000001579,0
/sensing/lidar/top/pointcloud_raw_ex,106000001579,1785623999599125805,110018734823756,106000001579,106972
/tf,106000001579,1785623999601888356,110018737585830,106000001579,0
/localization/pose_estimator/pose_with_covariance,105950001578,1785623999626350538,110018762047769,106000001579,0
/control/command/control_cmd,106000001579,1785623999628420370,110018764118144,106000001579,80
/localization/kinematic_state,106050001580,1785623999638782816,110018774480026,106050001580,0
/tf,106050001580,1785623999645996728,110018781694104,106050001580,0
/sensing/lidar/top/pointcloud_raw_ex,106050001580,1785623999651175103,110018786872849,106050001580,113900
/tf,106100001581,1785623999688656338,110018824353582,106100001581,0
/localization/kinematic_state,106100001581,1785623999689341838,110018825039023,106100001581,0
/sensing/lidar/top/pointcloud_raw_ex,106100001581,1785623999700478009,110018836175680,106100001581,107516
/control/command/control_cmd,106100001581,1785623999706440898,110018842138769,106100001581,80
/tf,106150001581,1785623999739216047,110018874913195,106150001581,0
/localization/kinematic_state,106150001581,1785623999739449484,110018875146512,106150001581,0
/sensing/lidar/top/pointcloud_raw_ex,106150001581,1785623999752110775,110018887808319,106150001581,114316
/localization/kinematic_state,106200001582,1785623999789622926,110018925320236,106200001582,0
/tf,106200001582,1785623999790451189,110018926148597,106200001582,0
/sensing/lidar/top/pointcloud_raw_ex,106200001582,1785623999799182418,110018934880014,106200001582,104316
/localization/pose_estimator/pose_with_covariance,106150001581,1785623999799686778,110018935383877,106200001582,0
/tf,106250001583,1785623999839258951,110018974956237,106250001583,0
/localization/kinematic_state,106250001583,1785623999839300468,110018974997345,106250001583,0
/sensing/lidar/top/pointcloud_raw_ex,106250001583,1785623999852177298,110018987874938,106250001583,115116
/control/command/control_cmd,106250001583,1785623999868459978,110019004157501,106250001583,80
/tf,106300001583,1785623999893645689,110019029342894,106300001583,0
/localization/kinematic_state,106300001583,1785623999894062539,110019029759574,106300001583,0
/sensing/lidar/top/pointcloud_raw_ex,106300001583,1785623999897820156,110019033517795,106300001583,106668
/localization/kinematic_state,106350001584,1785623999940540236,110019076237714,106350001584,0
/tf,106350001584,1785623999940565252,110019076262094,106350001584,0
/localization/pose_estimator/pose_with_covariance,106250001583,1785623999953077927,110019088775397,106350001584,0
/sensing/lidar/top/pointcloud_raw_ex,106350001584,1785623999953141427,110019088838323,106350001584,115788
/localization/kinematic_state,106400001585,1785623999989606187,110019125303462,106400001585,0
/tf,106400001585,1785623999990392913,110019126090138,106400001585,0
/control/command/control_cmd,106350001584,1785623999998477805,110019134175364,106400001585,80
/sensing/lidar/top/pointcloud_raw_ex,106400001585,1785624000002212503,110019137910217,106400001585,107756
/localization/kinematic_state,106450001586,1785624000039870280,110019175567468,106450001586,0
/tf,106450001586,1785624000041936122,110019177633299,106450001586,0
/sensing/lidar/top/pointcloud_raw_ex,106450001586,1785624000051016371,110019186714066,106450001586,114572
/tf,106500001586,1785624000091029883,110019226727118,106500001586,0
/localization/kinematic_state,106500001586,1785624000091108067,110019226804932,106500001586,0
/sensing/lidar/top/pointcloud_raw_ex,106500001586,1785624000102705316,110019238402772,106500001586,106444
/localization/pose_estimator/pose_with_covariance,106450001586,1785624000126282569,110019261979998,106500001586,0
/control/command/control_cmd,106500001586,1785624000138884244,110019274581745,106550001587,80
/localization/kinematic_state,106550001587,1785624000139763046,110019275460076,106550001587,0
/tf,106550001587,1785624000143631097,110019279328325,106550001587,0
/control/command/control_cmd,106550001587,1785624000148313009,110019284010589,106550001587,80
/sensing/lidar/top/pointcloud_raw_ex,106550001587,1785624000151312994,110019287010728,106550001587,114460
/localization/kinematic_state,106600001588,1785624000193047090,110019328744300,106600001588,0
/tf,106600001588,1785624000193175515,110019328872606,106600001588,0
/sensing/lidar/top/pointcloud_raw_ex,106600001588,1785624000202772516,110019338470320,106600001588,107612
/tf,106650001589,1785624000240643321,110019376340569,106650001589,0
/localization/kinematic_state,106650001589,1785624000240743471,110019376440621,106650001589,0
/control/command/control_cmd,106650001589,1785624000244909856,110019380607426,106650001589,80
/sensing/lidar/top/pointcloud_raw_ex,106650001589,1785624000252457094,110019388154748,106650001589,113980
/localization/kinematic_state,106700001589,1785624000292532205,110019428229390,106700001589,0
/tf,106700001589,1785624000293790872,110019429487892,106700001589,0
/sensing/lidar/top/pointcloud_raw_ex,106700001589,1785624000302628862,110019438326818,106700001589,107244
/localization/kinematic_state,106750001590,1785624000343028599,110019478725776,106750001590,0
/tf,106750001590,1785624000347626700,110019483323935,106750001590,0
/sensing/lidar/top/pointcloud_raw_ex,106750001590,1785624000354051827,110019489749674,106750001590,115708
/control/command/control_cmd,106750001590,1785624000368024284,110019503721943,106750001590,80
/localization/pose_estimator/pose_with_covariance,106700001589,1785624000369090376,110019504787489,106750001590,0
/tf,106800001591,1785624000397041645,110019532738728,106800001591,0
/localization/kinematic_state,106800001591,1785624000397174298,110019532871177,106800001591,0
/sensing/lidar/top/pointcloud_raw_ex,106800001591,1785624000404416424,110019540113844,106800001591,107084
/localization/kinematic_state,106850001592,1785624000443663778,110019579360990,106850001592,0
/tf,106850001592,1785624000446817267,110019582514460,106850001592,0
/sensing/lidar/top/pointcloud_raw_ex,106850001592,1785624000456051082,110019591748646,106850001592,113292
/localization/kinematic_state,106900001592,1785624000492171978,110019627869224,106900001592,0
/tf,106900001592,1785624000492675977,110019628373059,106900001592,0
/sensing/lidar/top/pointcloud_raw_ex,106900001592,1785624000501876492,110019637573967,106900001592,107868
/tf,106950001593,1785624000547265260,110019682962516,106950001593,0
/localization/kinematic_state,106950001593,1785624000547753395,110019683450372,106950001593,0
/sensing/lidar/top/pointcloud_raw_ex,106950001593,1785624000552084305,110019687781833,106950001593,116060
/control/command/control_cmd,106950001593,1785624000588935647,110019724633299,106950001593,80
/control/command/control_cmd,107000001594,1785624000596873702,110019732571276,107000001594,80
/tf,107000001594,1785624000597057635,110019732754557,107000001594,0
/localization/kinematic_state,107000001594,1785624000597345789,110019733042746,107000001594,0
/sensing/lidar/top/pointcloud_raw_ex,107000001594,1785624000606812405,110019742510271,107000001594,106332
/tf,107050001595,1785624000644709794,110019780407113,107050001595,0
/localization/kinematic_state,107050001595,1785624000645233890,110019780930952,107050001595,0
/sensing/lidar/top/pointcloud_raw_ex,107050001595,1785624000656903866,110019792601645,107050001595,113340
/tf,107100001595,1785624000693826976,110019829524334,107100001595,0
/localization/kinematic_state,107100001595,1785624000694781133,110019830478267,107100001595,0
/sensing/lidar/top/pointcloud_raw_ex,107100001595,1785624000705148062,110019840845851,107100001595,105660
/localization/kinematic_state,107150001596,1785624000746084680,110019881781855,107150001596,0
/tf,107150001596,1785624000749685185,110019885382537,107150001596,0
/sensing/lidar/top/pointcloud_raw_ex,107150001596,1785624000753828973,110019889526593,107150001596,114236
/localization/kinematic_state,107200001597,1785624000794241282,110019929938470,107200001597,0
/tf,107200001597,1785624000794454589,110019930151686,107200001597,0
/sensing/lidar/top/pointcloud_raw_ex,107200001597,1785624000804245782,110019939943540,107200001597,106908
/control/command/control_cmd,107250001598,1785624000847433169,110019983131131,107250001598,80
/localization/kinematic_state,107250001598,1785624000848318908,110019984016106,107250001598,0
/tf,107250001598,1785624000848343019,110019984039862,107250001598,0
/sensing/lidar/top/pointcloud_raw_ex,107250001598,1785624000857203768,110019992901663,107250001598,114044
/localization/pose_estimator/pose_with_covariance,107200001597,1785624000862288121,110019997985389,107250001598,0
/localization/kinematic_state,107300001598,1785624000897816534,110020033513633,107300001598,0
/tf,107300001598,1785624000898179094,110020033876122,107300001598,0
/sensing/lidar/top/pointcloud_raw_ex,107300001598,1785624000905689350,110020041387224,107300001598,107420
/localization/pose_estimator/pose_with_covariance,107250001598,1785624000934187937,110020069885607,107300001598,0
/localization/kinematic_state,107350001599,1785624000945381763,110020081079017,107350001599,0
/tf,107350001599,1785624000946388655,110020082085854,107350001599,0
/sensing/lidar/top/pointcloud_raw_ex,107350001599,1785624000957616311,110020093314097,107350001599,114460
/sensing/lidar/top/pointcloud_raw_ex,107400001600,1785624001004230079,110020139927803,107400001600,106940
/tf,107400001600,1785624001005965385,110020141662587,107400001600,0
/localization/kinematic_state,107400001600,1785624001006298412,110020141995472,107400001600,0
/tf,107450001601,1785624001051766633,110020187463993,107450001601,0
/localization/kinematic_state,107450001601,1785624001051931839,110020187628984,107450001601,0
/sensing/lidar/top/pointcloud_raw_ex,107450001601,1785624001060766064,110020196463567,107450001601,114716
/localization/kinematic_state,107500001601,1785624001097271343,110020232968618,107500001601,0
/tf,107500001601,1785624001097483970,110020233180963,107500001601,0
/sensing/lidar/top/pointcloud_raw_ex,107500001601,1785624001107426515,110020243124093,107500001601,107052
/localization/kinematic_state,107550001602,1785624001148181516,110020283878753,107550001602,0
/tf,107550001602,1785624001148302469,110020283999628,107550001602,0
/sensing/lidar/top/pointcloud_raw_ex,107550001602,1785624001155682958,110020291380407,107550001602,113436
/localization/kinematic_state,107600001603,1785624001196369337,110020332066696,107600001603,0
/tf,107600001603,1785624001196388993,110020332085896,107600001603,0
/sensing/lidar/top/pointcloud_raw_ex,107600001603,1785624001205402521,110020341100049,107600001603,106860
/tf,107650001604,1785624001249698506,110020385395953,107650001604,0
/localization/kinematic_state,107650001604,1785624001249801920,110020385498991,107650001604,0
/sensing/lidar/top/pointcloud_raw_ex,107650001604,1785624001258599593,110020394297371,107650001604,114284
/control/command/control_cmd,107650001604,1785624001271234566,110020406932429,107650001604,80
/localization/kinematic_state,107700001604,1785624001299381625,110020435079010,107700001604,0
/tf,107700001604,1785624001299406780,110020435103616,107700001604,0
/sensing/lidar/top/pointcloud_raw_ex,107700001604,1785624001307482414,110020443179966,107700001604,105884
/localization/kinematic_state,107750001605,1785624001347981144,110020483678429,107750001605,0
/tf,107750001605,1785624001348672012,110020484368924,107750001605,0
/sensing/lidar/top/pointcloud_raw_ex,107750001605,1785624001361112166,110020496810200,107750001605,113580
/localization/kinematic_state,107800001606,1785624001401489468,110020537186710,107800001606,0
/tf,107800001606,1785624001404112008,110020539809139,107800001606,0
/sensing/lidar/top/pointcloud_raw_ex,107800001606,1785624001408835699,110020544533274,107800001606,105868
/control/command/control_cmd,107750001605,1785624001439525615,110020575223179,107800001606,80
/tf,107850001607,1785624001445350657,110020581047828,107850001607,0
/localization/kinematic_state,107850001607,1785624001445789087,110020581486092,107850001607,0
/sensing/lidar/top/pointcloud_raw_ex,107850001607,1785624001456167075,110020591864736,107850001607,115772
/control/command/control_cmd,107850001607,1785624001463354752,110020599052545,107850001607,80
/localization/kinematic_state,107900001607,1785624001494826177,110020630523417,107900001607,0
/tf,107900001607,1785624001495096378,110020630793553,107900001607,0
/sensing/lidar/top/pointcloud_raw_ex,107900001607,1785624001505428073,110020641125907,107900001607,105948
/tf,107950001608,1785624001546253588,110020681950818,107950001608,0
/localization/kinematic_state,107950001608,1785624001546828267,110020682525587,107950001608,0
/sensing/lidar/top/pointcloud_raw_ex,107950001608,1785624001558830620,110020694528639,107950001608,115820
/localization/kinematic_state,108000001609,1785624001601302384,110020736999717,108000001609,0
/sensing/lidar/top/pointcloud_raw_ex,108000001609,1785624001606508065,110020742205649,108000001609,106412
/tf,108000001609,1785624001608237694,110020743934973,108000001609,0
/localization/kinematic_state,108050001610,1785624001651610556,110020787307782,108050001610,0
/tf,108050001610,1785624001652194864,110020787892017,108050001610,0
/sensing/lidar/top/pointcloud_raw_ex,108050001610,1785624001658154291,110020793851788,108050001610,114444
/control/command/control_cmd,108050001610,1785624001659316361,110020795013656,108050001610,80
/sensing/lidar/top/pointcloud_raw_ex,108100001610,1785624001705284312,110020840982382,108100001610,106380
/localization/kinematic_state,108100001610,1785624001706031634,110020841728689,108100001610,0
/tf,108100001610,1785624001708463359,110020844160492,108100001610,0
/localization/kinematic_state,108150001611,1785624001747201817,110020882899006,108150001611,0
/tf,108150001611,1785624001748847209,110020884544249,108150001611,0
/sensing/lidar/top/pointcloud_raw_ex,108150001611,1785624001759813225,110020895511145,108150001611,115516
/localization/kinematic_state,108200001612,1785624001802792730,110020938490473,108200001612,0
/tf,108200001612,1785624001802816999,110020938513871,108200001612,0
/sensing/lidar/top/pointcloud_raw_ex,108200001612,1785624001805634886,110020941332604,108200001612,107692
/tf,108250001613,1785624001845488884,110020981186045,108250001613,0
/localization/kinematic_state,108250001613,1785624001845532661,110020981229514,108250001613,0
/sensing/lidar/top/pointcloud_raw_ex,108250001613,1785624001859374535,110020995072057,108250001613,114492
/control/command/control_cmd,108300001613,1785624001900355725,110021036053419,108300001613,80
/localization/kinematic_state,108300001613,1785624001911201611,110021046898854,108300001613,0
/tf,108300001613,1785624001912315782,110021048012904,108300001613,0
/sensing/lidar/top/pointcloud_raw_ex,108300001613,1785624001913309558,110021049006933,108300001613,107100
/localization/kinematic_state,108350001614,1785624001951150487,110021086847806,108350001614,0
/tf,108350001614,1785624001953431900,110021089129085,108350001614,0
/sensing/lidar/top/pointcloud_raw_ex,108350001614,1785624001961478810,110021097176449,108350001614,114140
/tf,108400001615,1785624002001488676,110021137185885,108400001615,0
/localization/kinematic_state,108400001615,1785624002001555205,110021137252125,108400001615,0
/sensing/lidar/top/pointcloud_raw_ex,108400001615,1785624002012367293,110021148064847,108400001615,107100
/localization/kinematic_state,108450001616,1785624002050482252,110021186179405,108450001616,0
/tf,108450001616,1785624002052685875,110021188383099,108450001616,0
/sensing/lidar/top/pointcloud_raw_ex,108450001616,1785624002063111203,110021198808822,108450001616,114588
/tf,108500001616,1785624002107549455,110021243246782,108500001616,0
/localization/kinematic_state,108500001616,1785624002107598558,110021243295434,108500001616,0
/sensing/lidar/top/pointcloud_raw_ex,108500001616,1785624002111367348,110021247064871,108500001616,106476
/tf,108550001617,1785624002148687183,110021284384527,108550001617,0
/localization/kinematic_state,108550001617,1785624002148957367,110021284654354,108550001617,0
/sensing/lidar/top/pointcloud_raw_ex,108550001617,1785624002160715802,110021296413493,108550001617,115356
/tf,108600001618,1785624002203381641,110021339078872,108600001618,0
/localization/kinematic_state,108600001618,1785624002203488325,110021339185261,108600001618,0
/sensing/lidar/top/pointcloud_raw_ex,108600001618,1785624002214248421,110021349946022,108600001618,108604
/control/command/control_cmd,108600001618,1785624002248484777,110021384182103,108650001619,80
/tf,108650001619,1785624002252899005,110021388596200,108650001619,0
/localization/kinematic_state,108650001619,1785624002255440578,110021391137870,108650001619,0
/sensing/lidar/top/pointcloud_raw_ex,108650001619,1785624002262715158,110021398412914,108650001619,113804
/localization/kinematic_state,108700001619,1785624002300609389,110021436306647,108700001619,0
/tf,108700001619,1785624002300759064,110021436455930,108700001619,0
/sensing/lidar/top/pointcloud_raw_ex,108700001619,1785624002310104954,110021445802641,108700001619,106060
/tf,108750001620,1785624002351367880,110021487065204,108750001620,0
/localization/kinematic_state,108750001620,1785624002351413506,110021487110352,108750001620,0
/sensing/lidar/top/pointcloud_raw_ex,108750001620,1785624002363287838,110021498988202,108750001620,114668
/tf,108800001621,1785624002406580667,110021542277906,108800001621,0
/localization/kinematic_state,108800001621,1785624002406628457,110021542325326,108800001621,0
/sensing/lidar/top/pointcloud_raw_ex,108800001621,1785624002410408327,110021546106093,108800001621,106764
/control/command/control_cmd,108800001621,1785624002431308998,110021567006692,108800001621,80
/tf,108850001621,1785624002454404395,110021590101596,108850001621,0
/localization/kinematic_state,108850001621,1785624002454707227,110021590404306,108850001621,0
/sensing/lidar/top/pointcloud_raw_ex,108850001621,1785624002463339702,110021599037395,108850001621,115420
/tf,108900001622,1785624002504358896,110021640056434,108900001622,0
/localization/kinematic_state,108900001622,1785624002504405079,110021640101976,108900001622,0
/control/command/control_cmd,108900001622,1785624002507755603,110021643453276,108900001622,80
/sensing/lidar/top/pointcloud_raw_ex,108900001622,1785624002512697047,110021648394693,108900001622,108268
/tf,108950001623,1785624002552244274,110021687941497,108950001623,0
/localization/kinematic_state,108950001623,1785624002552371558,110021688068467,108950001623,0
/sensing/lidar/top/pointcloud_raw_ex,108950001623,1785624002564480346,110021700178210,108950001623,116348
/sensing/lidar/top/pointcloud_raw_ex,109000001624,1785624002612426468,110021748124017,109000001624,107180
/tf,109000001624,1785624002621207786,110021756905153,109000001624,0
/localization/kinematic_state,109000001624,1785624002621300001,110021756997046,109000001624,0
/localization/kinematic_state,109050001624,1785624002663021181,110021798718585,109050001624,0
/sensing/lidar/top/pointcloud_raw_ex,109050001624,1785624002663497618,110021799194633,109050001624,114796
/tf,109050001624,1785624002665508474,110021801205558,109050001624,0
/tf,109100001625,1785624002700340700,110021836037790,109100001625,0
/localization/kinematic_state,109100001625,1785624002700725284,110021836422265,109100001625,0
/sensing/lidar/top/pointcloud_raw_ex,109100001625,1785624002713819192,110021849516971,109100001625,107852
/localization/kinematic_state,109150001626,1785624002751901142,110021887598347,109150001626,0
/tf,109150001626,1785624002751955249,110021887652077,109150001626,0
/sensing/lidar/top/pointcloud_raw_ex,109150001626,1785624002764518233,110021900216051,109150001626,114044
/control/command/control_cmd,109150001626,1785624002791962272,110021927659968,109150001626,80
/tf,109200001627,1785624002803085383,110021938782549,109200001627,0
/localization/kinematic_state,109200001627,1785624002803338574,110021939035679,109200001627,0
/sensing/lidar/top/pointcloud_raw_ex,109200001627,1785624002813992354,110021949690093,109200001627,105852
/control/command/control_cmd,109200001627,1785624002845676105,110021981373628,109200001627,80
/localization/kinematic_state,109250001627,1785624002852514134,110021988211418,109250001627,0
/control/command/control_cmd,109250001627,1785624002856826732,110021992524167,109250001627,80
/tf,109250001627,1785624002857567722,110021993264681,109250001627,0
/sensing/lidar/top/pointcloud_raw_ex,109250001627,1785624002864896502,110022000594074,109250001627,113708
/tf,109300001628,1785624002901735674,110022037432955,109300001628,0
/localization/kinematic_state,109300001628,1785624002901959853,110022037656874,109300001628,0
/localization/pose_estimator/pose_with_covariance,109250001627,1785624002908989625,110022044687034,109300001628,0
/sensing/lidar/top/pointcloud_raw_ex,109300001628,1785624002912285568,110022047983060,109300001628,106188
/tf,109350001629,1785624002952924689,110022088621921,109350001629,0
/localization/kinematic_state,109350001629,1785624002953058832,110022088755913,109350001629,0
/sensing/lidar/top/pointcloud_raw_ex,109350001629,1785624002965721926,110022101419611,109350001629,114748
/tf,109400001630,1785624003002570653,110022138267885,109400001630,0
/localization/kinematic_state,109400001630,1785624003002839731,110022138536741,109400001630,0
/sensing/lidar/top/pointcloud_raw_ex,109400001630,1785624003013121861,110022148819588,109400001630,106172
/control/command/control_cmd,109350001629,1785624003017040423,110022152738100,109400001630,80
/localization/pose_estimator/pose_with_covariance,109350001629,1785624003041709335,110022177406587,109400001630,0
/localization/kinematic_state,109450001630,1785624003054368377,110022190065594,109450001630,0
/tf,109450001630,1785624003057338156,110022193035189,109450001630,0
/sensing/lidar/top/pointcloud_raw_ex,109450001630,1785624003064998219,110022200695879,109450001630,113820
/localization/kinematic_state,109500001631,1785624003106647938,110022242345157,109500001631,0
/tf,109500001631,1785624003106911352,110022242608498,109500001631,0
/sensing/lidar/top/pointcloud_raw_ex,109500001631,1785624003115403544,110022251101175,109500001631,108092
/localization/pose_estimator/pose_with_covariance,109450001630,1785624003146634684,110022282332114,109500001631,0
/localization/kinematic_state,109550001632,1785624003157709696,110022293407012,109550001632,0
/tf,109550001632,1785624003157744422,110022293441273,109550001632,0
/sensing/lidar/top/pointcloud_raw_ex,109550001632,1785624003163052740,110022298750638,109550001632,114572
/tf,109600001633,1785624003205717067,110022341414528,109600001633,0
/localization/kinematic_state,109600001633,1785624003206358207,110022342055493,109600001633,0
/sensing/lidar/top/pointcloud_raw_ex,109600001633,1785624003218609765,110022354307482,109600001633,105628
/control/command/control_cmd,109650001633,1785624003253487133,110022389184932,109650001633,80
/localization/pose_estimator/pose_with_covariance,109600001633,1785624003268628679,110022404326087,109650001633,0
/sensing/lidar/top/pointcloud_raw_ex,109650001633,1785624003275823043,110022411520701,109650001633,114732
/localization/kinematic_state,109700001634,1785624003308444313,110022444141423,109700001634,0
/sensing/lidar/top/pointcloud_raw_ex,109700001634,1785624003317422035,110022453119376,109700001634,105484
/tf,109700001634,1785624003321011581,110022456708802,109700001634,0
/localization/kinematic_state,109750001635,1785624003355456019,110022491153207,109750001635,0
/sensing/lidar/top/pointcloud_raw_ex,109750001635,1785624003366409444,110022502107034,109750001635,113468
/tf,109750001635,1785624003366894569,110022502591542,109750001635,0
/tf,109800001636,1785624003408069582,110022543766910,109800001636,0
/localization/kinematic_state,109800001636,1785624003408513407,110022544210557,109800001636,0
/localization/pose_estimator/pose_with_covariance,109750001635,1785624003411962826,110022547660048,109800001636,0
/sensing/lidar/top/pointcloud_raw_ex,109800001636,1785624003415545356,110022551242801,109800001636,106924
/sensing/lidar/top/pointcloud_raw_ex,109850001636,1785624003465421457,110022601119145,109850001636,116028
/localization/kinematic_state,109850001636,1785624003470369272,110022606066573,109850001636,0
/tf,109850001636,1785624003470761706,110022606458806,109850001636,0
/localization/kinematic_state,109900001637,1785624003511471339,110022647168602,109900001637,0
/tf,109900001637,1785624003514029388,110022649726619,109900001637,0
/sensing/lidar/top/pointcloud_raw_ex,109900001637,1785624003514226785,110022649923931,109900001637,106412
/control/command/control_cmd,109850001636,1785624003523950427,110022659648023,109900001637,80
/localization/kinematic_state,109950001638,1785624003556070194,110022691767472,109950001638,0
/tf,109950001638,1785624003559402461,110022695099645,109950001638,0
/sensing/lidar/top/pointcloud_raw_ex,109950001638,1785624003567074242,110022702771745,109950001638,115500
/localization/kinematic_state,110000001639,1785624003605907581,110022741604772,110000001639,0
/control/command/control_cmd,110000001639,1785624003608786978,110022744484487,110000001639,80
/tf,110000001639,1785624003611367524,110022747064646,110000001639,0
/sensing/lidar/top/pointcloud_raw_ex,110000001639,1785624003616500389,110022752197978,110000001639,108316
/tf,110050001639,1785624003653458508,110022789155760,110050001639,0
/localization/kinematic_state,110050001639,1785624003655550407,110022791247513,110050001639,0
/sensing/lidar/top/pointcloud_raw_ex,110050001639,1785624003666521709,110022802219382,110050001639,115548
/tf,110100001640,1785624003705030564,110022840727832,110100001640,0
/localization/kinematic_state,110100001640,1785624003705069987,110022840766817,110100001640,0
/sensing/lidar/top/pointcloud_raw_ex,110100001640,1785624003716180183,110022851877608,110100001640,107036
/localization/kinematic_state,110150001641,1785624003755149579,110022890847109,110150001641,0
/tf,110150001641,1785624003756485906,110022892182936,110150001641,0
/sensing/lidar/top/pointcloud_raw_ex,110150001641,1785624003767829104,110022903526823,110150001641,115260
/tf,110200001642,1785624003804031792,110022939729035,110200001642,0
/localization/kinematic_state,110200001642,1785624003804237114,110022939934113,110200001642,0
/control/command/control_cmd,110200001642,1785624003809967557,110022945665096,110200001642,80
/sensing/lidar/top/pointcloud_raw_ex,110200001642,1785624003817492798,110022953190333,110200001642,105228
/localization/kinematic_state,110250001642,1785624003857297218,110022992994540,110250001642,0
/tf,110250001642,1785624003858035673,110022993732724,110250001642,0
/sensing/lidar/top/pointcloud_raw_ex,110250001642,1785624003865918769,110023001616438,110250001642,114412
/localization/kinematic_state,110300001643,1785624003904501421,110023040198595,110300001643,0
/tf,110300001643,1785624003904524789,110023040221619,110300001643,0
/sensing/lidar/top/pointcloud_raw_ex,110300001643,1785624003915825209,110023051522810,110300001643,107404
/localization/kinematic_state,110350001644,1785624003960375572,110023096072856,110350001644,0
/tf,110350001644,1785624003960398760,110023096095605,110350001644,0
/sensing/lidar/top/pointcloud_raw_ex,110350001644,1785624003964752337,110023100449880,110350001644,115276
/tf,110400001645,1785624004004480204,110023140177336,110400001645,0
/localization/kinematic_state,110400001645,1785624004004750799,110023140447835,110400001645,0
/sensing/lidar/top/pointcloud_raw_ex,110400001645,1785624004018785693,110023154483587,110400001645,107276
/localization/kinematic_state,110450001645,1785624004055531201,110023191228365,110450001645,0
/tf,110450001645,1785624004059426362,110023195123507,110450001645,0
/sensing/lidar/top/pointcloud_raw_ex,110450001645,1785624004064930022,110023200627707,110450001645,115036
/tf,110500001646,1785624004113776206,110023249473548,110500001646,0
/localization/kinematic_state,110500001646,1785624004113817361,110023249514197,110500001646,0
/sensing/lidar/top/pointcloud_raw_ex,110500001646,1785624004115889764,110023251587320,110500001646,105676
/localization/kinematic_state,110550001647,1785624004155495272,110023291192521,110550001647,0
/tf,110550001647,1785624004155571250,110023291268108,110550001647,0
/control/command/control_cmd,110550001647,1785624004155836831,110023291533772,110550001647,80
/sensing/lidar/top/pointcloud_raw_ex,110550001647,1785624004168820621,110023304518170,110550001647,114220
/tf,110600001648,1785624004206020166,110023341717512,110600001648,0
/localization/kinematic_state,110600001648,1785624004206240908,110023341937936,110600001648,0
/sensing/lidar/top/pointcloud_raw_ex,110600001648,1785624004218949654,110023354647298,110600001648,107340
/localization/pose_estimator/pose_with_covariance,110550001647,1785624004237822511,110023373519759,110600001648,0
/localization/kinematic_state,110650001648,1785624004255375467,110023391072708,110650001648,0
/tf,110650001648,1785624004255398616,110023391095445,110650001648,0
/sensing/lidar/top/pointcloud_raw_ex,110650001648,1785624004269390416,110023405087914,110650001648,115100
/localization/kinematic_state,110700001649,1785624004313610097,110023449307218,110700001649,0
/tf,110700001649,1785624004316492515,110023452189741,110700001649,0
/sensing/lidar/top/pointcloud_raw_ex,110700001649,1785624004320061572,110023455759077,110700001649,106940
/localization/pose_estimator/pose_with_covariance,110650001648,1785624004349512302,110023485209547,110700001649,0
/control/command/control_cmd,110700001649,1785624004354801735,110023490499206,110750001650,80
/tf,110750001650,1785624004359386667,110023495083898,110750001650,0
/control/command/control_cmd,110750001650,1785624004359484851,110023495181740,110750001650,80
/localization/kinematic_state,110750001650,1785624004359665106,110023495362003,110750001650,0
/sensing/lidar/top/pointcloud_raw_ex,110750001650,1785624004370200258,110023505897788,110750001650,113596
/tf,110800001651,1785624004413239522,110023548936773,110800001651,0
/localization/kinematic_state,110800001651,1785624004413279844,110023548976731,110800001651,0
/sensing/lidar/top/pointcloud_raw_ex,110800001651,1785624004417016024,110023552713418,110800001651,107612
/localization/kinematic_state,110850001651,1785624004455757682,110023591454827,110850001651,0
/tf,110850001651,1785624004455786976,110023591483819,110850001651,0
/sensing/lidar/top/pointcloud_raw_ex,110850001651,1785624004468423292,110023604120795,110850001651,115388
/control/command/control_cmd,110850001651,1785624004502221986,110023637919391,110850001651,80
/localization/kinematic_state,110900001652,1785624004509998940,110023645696208,110900001652,0
/tf,110900001652,1785624004510033807,110023645730649,110900001652,0
/sensing/lidar/top/pointcloud_raw_ex,110900001652,1785624004516436679,110023652134478,110900001652,108284
/control/command/control_cmd,110900001652,1785624004563693794,110023699391506,110950001653,80
/localization/kinematic_state,110950001653,1785624004564667062,110023700364052,110950001653,0
/tf,110950001653,1785624004565090125,110023700787159,110950001653,0
/sensing/lidar/top/pointcloud_raw_ex,110950001653,1785624004566231324,110023701928722,110950001653,114732
/control/command/control_cmd,111000001654,1785624004605356114,110023741053577,111000001654,80
/tf,111000001654,1785624004607400127,110023743097167,111000001654,0
/localization/kinematic_state,111000001654,1785624004607657317,110023743354390,111000001654,0
/sensing/lidar/top/pointcloud_raw_ex,111000001654,1785624004617986468,110023753684046,111000001654,106556
/tf,111050001654,1785624004657508592,110023793205809,111050001654,0
/localization/kinematic_state,111050001654,1785624004657556899,110023793253761,111050001654,0
/sensing/lidar/top/pointcloud_raw_ex,111050001654,1785624004668938278,110023804636302,111050001654,113212
/tf,111100001655,1785624004708770974,110023844468324,111100001655,0
/localization/kinematic_state,111100001655,1785624004708930781,110023844627797,111100001655,0
/control/command/control_cmd,111100001655,1785624004712854731,110023848552179,111100001655,80
/sensing/lidar/top/pointcloud_raw_ex,111100001655,1785624004719676956,110023855374527,111100001655,105884
/localization/kinematic_state,111150001656,1785624004756259414,110023891956712,111150001656,0
/tf,111150001656,1785624004760811127,110023896508465,111150001656,0
/sensing/lidar/top/pointcloud_raw_ex,111150001656,1785624004769085205,110023904782790,111150001656,113548
/control/command/control_cmd,111200001657,1785624004806172298,110023941869842,111200001657,80
/localization/kinematic_state,111200001657,1785624004808461785,110023944158962,111200001657,0
/tf,111200001657,1785624004809137375,110023944834506,111200001657,0
/sensing/lidar/top/pointcloud_raw_ex,111200001657,1785624004822310693,110023958008607,111200001657,107212
/localization/pose_estimator/pose_with_covariance,111100001655,1785624004828495100,110023964192314,111200001657,0
/localization/kinematic_state,111250001657,1785624004858866656,110023994563834,111250001657,0
/tf,111250001657,1785624004858898884,110023994595731,111250001657,0
/sensing/lidar/top/pointcloud_raw_ex,111250001657,1785624004867584932,110024003282442,111250001657,115100
/localization/pose_estimator/pose_with_covariance,111200001657,1785624004885209980,110024020907308,111250001657,0
/localization/kinematic_state,111300001658,1785624004913175585,110024048872960,111300001658,0
/tf,111300001658,1785624004913937864,110024049635307,111300001658,0
/sensing/lidar/top/pointcloud_raw_ex,111300001658,1785624004915916907,110024051614786,111300001658,106060
/localization/pose_estimator/pose_with_covariance,111250001657,1785624004917487888,110024053185045,111300001658,0
/control/command/control_cmd,111300001658,1785624004936177829,110024071875524,111300001658,80
/tf,111350001659,1785624004966676586,110024102373866,111350001659,0
/localization/kinematic_state,111350001659,1785624004967034155,110024102731148,111350001659,0
/sensing/lidar/top/pointcloud_raw_ex,111350001659,1785624004971236480,110024106934088,111350001659,116396
/localization/kinematic_state,111400001659,1785624005009716276,110024145413394,111400001659,0
/tf,111400001659,1785624005010246123,110024145943094,111400001659,0
/sensing/lidar/top/pointcloud_raw_ex,111400001659,1785624005021637109,110024157334792,111400001659,107708
/control/command/control_cmd,111400001659,1785624005040708181,110024176405754,111400001659,80
/localization/kinematic_state,111450001660,1785624005062178419,110024197875503,111450001660,0
/tf,111450001660,1785624005064231141,110024199928231,111450001660,0
/sensing/lidar/top/pointcloud_raw_ex,111450001660,1785624005071465694,110024207163416,111450001660,114284
/localization/kinematic_state,111500001661,1785624005109930629,110024245627917,111500001661,0
/tf,111500001661,1785624005111762206,110024247459557,111500001661,0
/sensing/lidar/top/pointcloud_raw_ex,111500001661,1785624005120075119,110024255772652,111500001661,107676
/control/command/control_cmd,111500001661,1785624005141949936,110024277647556,111500001661,80
/localization/kinematic_state,111550001662,1785624005160567192,110024296264378,111550001662,0
/tf,111550001662,1785624005165707167,110024301404406,111550001662,0
/sensing/lidar/top/pointcloud_raw_ex,111550001662,1785624005171144779,110024306842308,111550001662,115516
/control/command/control_cmd,111550001662,1785624005200360743,110024336058351,111550001662,80
/localization/kinematic_state,111600001662,1785624005209962240,110024345659640,111600001662,0
/tf,111600001662,1785624005211957292,110024347654439,111600001662,0
/sensing/lidar/top/pointcloud_raw_ex,111600001662,1785624005219715514,110024355413012,111600001662,106220
/tf,111650001663,1785624005256767480,110024392464687,111650001663,0
/localization/kinematic_state,111650001663,1785624005256859582,110024392556613,111650001663,0
/sensing/lidar/top/pointcloud_raw_ex,111650001663,1785624005271488479,110024407185932,111650001663,113532
/tf,111700001664,1785624005310330795,110024446028036,111700001664,0
/localization/kinematic_state,111700001664,1785624005310373117,110024446069980,111700001664,0
/control/command/control_cmd,111700001664,1785624005312640334,110024448337722,111700001664,80
/sensing/lidar/top/pointcloud_raw_ex,111700001664,1785624005320460883,110024456158707,111700001664,105708
/control/command/control_cmd,111750001665,1785624005359463650,110024495161291,111750001665,80
/tf,111750001665,1785624005365317654,110024501014880,111750001665,0
/localization/kinematic_state,111750001665,1785624005365420011,110024501116964,111750001665,0
/sensing/lidar/top/pointcloud_raw_ex,111750001665,1785624005372447810,110024508145219,111750001665,115324
/localization/pose_estimator/pose_with_covariance,111750001665,1785624005415141961,110024550839154,111800001665,0
/sensing/lidar/top/pointcloud_raw_ex,111800001665,1785624005420472171,110024556169871,111800001665,107484
/tf,111800001665,1785624005421489151,110024557186222,111800001665,0
/localization/kinematic_state,111800001665,1785624005421623868,110024557320737,111800001665,0
/tf,111850001666,1785624005462895814,110024598593049,111850001666,0
/localization/kinematic_state,111850001666,1785624005462989583,110024598686725,111850001666,0
/sensing/lidar/top/pointcloud_raw_ex,111850001666,1785624005470847096,110024606544628,111850001666,112732
/sensing/lidar/top/pointcloud_raw_ex,111900001667,1785624005521228702,110024656926423,111900001667,107628
/tf,111950001668,1785624005558704466,110024694401477,111950001668,0
/localization/kinematic_state,111950001668,1785624005559698113,110024695395151,111950001668,0
/sensing/lidar/top/pointcloud_raw_ex,111950001668,1785624005570718634,110024706416413,111950001668,115772
/tf,112000001668,1785624005610191382,110024745888779,112000001668,0
/localization/kinematic_state,112000001668,1785624005610360136,110024746057146,112000001668,0
/sensing/lidar/top/pointcloud_raw_ex,112000001668,1785624005621013812,110024756711431,112000001668,106428
/localization/kinematic_state,112050001669,1785624005660366264,110024796063229,112050001669,0
/tf,112050001669,1785624005660385697,110024796082540,112050001669,0
/sensing/lidar/top/pointcloud_raw_ex,112050001669,1785624005673534835,110024809232251,112050001669,113516
/control/command/control_cmd,112050001669,1785624005703774776,110024839472314,112050001669,80
/localization/kinematic_state,112100001670,1785624005711759891,110024847457121,112100001670,0
/tf,112100001670,1785624005715387182,110024851084384,112100001670,0
/sensing/lidar/top/pointcloud_raw_ex,112100001670,1785624005720671428,110024856368966,112100001670,105932
/control/command/control_cmd,112100001670,1785624005750953189,110024886650744,112100001670,80
/localization/kinematic_state,112150001671,1785624005761483657,110024897180942,112150001671,0
/tf,112150001671,1785624005761907502,110024897604723,112150001671,0
/localization/pose_estimator/pose_with_covariance,112050001669,1785624005768532319,110024904229711,112150001671,0
/sensing/lidar/top/pointcloud_raw_ex,112150001671,1785624005775214710,110024910912444,112150001671,114508
/control/command/control_cmd,112150001671,1785624005798322168,110024934020031,112150001671,80
/tf,112200001671,1785624005809820217,110024945517485,112200001671,0
/localization/kinematic_state,112200001671,1785624005810194162,110024945891048,112200001671,0
/control/command/control_cmd,112200001671,1785624005813418749,110024949116090,112200001671,80
/sensing/lidar/top/pointcloud_raw_ex,112200001671,1785624005823705217,110024959402980,112200001671,106492
/localization/kinematic_state,112250001672,1785624005861221581,110024996918652,112250001672,0
/tf,112250001672,1785624005868445409,110025004142635,112250001672,0
/sensing/lidar/top/pointcloud_raw_ex,112250001672,1785624005871728881,110025007426399,112250001672,113852
/localization/kinematic_state,112300001673,1785624005910904819,110025046602056,112300001673,0
/tf,112300001673,1785624005912186882,110025047883856,112300001673,0
/sensing/lidar/top/pointcloud_raw_ex,112300001673,1785624005922281452,110025057978985,112300001673,105964
/tf,112350001674,1785624005960497830,110025096194851,112350001674,0
/localization/kinematic_state,112350001674,1785624005960540127,110025096236994,112350001674,0
/sensing/lidar/top/pointcloud_raw_ex,112350001674,1785624005975727001,110025111424651,112350001674,115996
/localization/kinematic_state,112400001674,1785624006011949904,110025147647245,112400001674,0
/control/command/control_cmd,112400001674,1785624006014153639,110025149851253,112400001674,80
/tf,112400001674,1785624006015897106,110025151594340,112400001674,0
/sensing/lidar/top/pointcloud_raw_ex,112400001674,1785624006023795109,110025159492697,112400001674,105084
/tf,112450001675,1785624006060819475,110025196516703,112450001675,0
/localization/kinematic_state,112450001675,1785624006060859957,110025196556805,112450001675,0
/sensing/lidar/top/pointcloud_raw_ex,112450001675,1785624006072592589,110025208290316,112450001675,115020
/control/command/control_cmd,112450001675,1785624006088044266,110025223742178,112450001675,80
/tf,112500001676,1785624006112791657,110025248488948,112500001676,0
/localization/kinematic_state,112500001676,1785624006114118583,110025249815549,112500001676,0
/sensing/lidar/top/pointcloud_raw_ex,112500001676,1785624006123920703,110025259618350,112500001676,105628
/tf,112550001677,1785624006161456981,110025297154218,112550001677,0
/localization/kinematic_state,112550001677,1785624006161549657,110025297246547,112550001677,0
/sensing/lidar/top/pointcloud_raw_ex,112550001677,1785624006172607546,110025308305024,112550001677,114636
/tf,112600001677,1785624006211389859,110025347087264,112600001677,0
/localization/kinematic_state,112600001677,1785624006211528276,110025347225295,112600001677,0
/sensing/lidar/top/pointcloud_raw_ex,112600001677,1785624006225411990,110025361109876,112600001677,104492
/tf,112650001678,1785624006271517024,110025407214247,112650001678,0
/localization/kinematic_state,112650001678,1785624006271656372,110025407353292,112650001678,0
/sensing/lidar/top/pointcloud_raw_ex,112650001678,1785624006274904483,110025410602146,112650001678,115292
/tf,112700001679,1785624006318618255,110025454315614,112700001679,0
/localization/kinematic_state,112700001679,1785624006318816473,110025454513514,112700001679,0
/sensing/lidar/top/pointcloud_raw_ex,112700001679,1785624006323956532,110025459654115,112700001679,106812
/localization/pose_estimator/pose_with_covariance,112650001678,1785624006361223481,110025496920698,112750001680,0
/localization/kinematic_state,112750001680,1785624006363900459,110025499597644,112750001680,0
/tf,112750001680,1785624006370878042,110025506575355,112750001680,0
/sensing/lidar/top/pointcloud_raw_ex,112750001680,1785624006372909110,110025508606852,112750001680,113420
/tf,112800001680,1785624006413094047,110025548791400,112800001680,0
/localization/kinematic_state,112800001680,1785624006413196608,110025548893488,112800001680,0
/control/command/control_cmd,112800001680,1785624006416102443,110025551800040,112800001680,80
/sensing/lidar/top/pointcloud_raw_ex,112800001680,1785624006422940752,110025558638485,112800001680,106972
/tf,112850001681,1785624006462967139,110025598664446,112850001681,0
/localization/kinematic_state,112850001681,1785624006463298255,110025598995221,112850001681,0
/sensing/lidar/top/pointcloud_raw_ex,112850001681,1785624006475849232,110025611546963,112850001681,115468
/localization/kinematic_state,112900001682,1785624006514097902,110025649795107,112900001682,0
/sensing/lidar/top/pointcloud_raw_ex,112900001682,1785624006524648890,110025660346535,112900001682,106268
/tf,112900001682,1785624006526217651,110025661914822,112900001682,0
/tf,112950001683,1785624006566540602,110025702238006,112950001683,0
/localization/kinematic_state,112950001683,1785624006566583855,110025702280715,112950001683,0
/sensing/lidar/top/pointcloud_raw_ex,112950001683,1785624006573877132,110025709574849,112950001683,116172
/control/command/control_cmd,112950001683,1785624006591894903,110025727592820,112950001683,80
/tf,113000001683,1785624006617834626,110025753531865,113000001683,0
/localization/kinematic_state,113000001683,1785624006618195147,110025753892184,113000001683,0
/sensing/lidar/top/pointcloud_raw_ex,113000001683,1785624006622864997,110025758562657,113000001683,106908
/control/command/control_cmd,113000001683,1785624006625101767,110025760799187,113000001683,80
/localization/kinematic_state,113050001684,1785624006668828709,110025804525920,113050001684,0
/tf,113050001684,1785624006670926901,110025806624121,113050001684,0
/sensing/lidar/top/pointcloud_raw_ex,113050001684,1785624006673128311,110025808825937,113050001684,115996
/localization/pose_estimator/pose_with_covariance,113050001684,1785624006698285193,110025833982500,113050001684,0
/sensing/lidar/top/pointcloud_raw_ex,113100001685,1785624006723440159,110025859137843,113100001685,106796
/localization/kinematic_state,113100001685,1785624006724552357,110025860249403,113100001685,0
/tf,113100001685,1785624006726139244,110025861853618,113100001685,0
/tf,113150001686,1785624006763870074,110025899567351,113150001686,0
/localization/kinematic_state,113150001686,1785624006766625124,110025902322257,113150001686,0
/control/command/control_cmd,113100001685,1785624006774533031,110025910230602,113150001686,80
/sensing/lidar/top/pointcloud_raw_ex,113150001686,1785624006777488422,110025913186174,113150001686,114220
/localization/kinematic_state,113200001686,1785624006814504636,110025950201812,113200001686,0
/tf,113200001686,1785624006815238161,110025950935154,113200001686,0
/sensing/lidar/top/pointcloud_raw_ex,113200001686,1785624006824866471,110025960564175,113200001686,106076
/localization/pose_estimator/pose_with_covariance,113150001686,1785624006849975804,110025985672950,113200001686,0
/localization/kinematic_state,113250001687,1785624006870067619,110026005764847,113250001687,0
/tf,113250001687,1785624006870218009,110026005915060,113250001687,0
/sensing/lidar/top/pointcloud_raw_ex,113250001687,1785624006877298798,110026012996699,113250001687,116028
/tf,113300001688,1785624006924877613,110026060574962,113300001688,0
/localization/kinematic_state,113300001688,1785624006924925798,110026060622660,113300001688,0
/sensing/lidar/top/pointcloud_raw_ex,113300001688,1785624006925680366,110026061377817,113300001688,106460
/localization/kinematic_state,113350001689,1785624006968256185,110026103953590,113350001689,0
/tf,113350001689,1785624006970571174,110026106268223,113350001689,0
/sensing/lidar/top/pointcloud_raw_ex,113350001689,1785624006977416279,110026113113951,113350001689,114556
/control/command/control_cmd,113350001689,1785624006979035556,110026114733024,113350001689,80
/tf,113400001689,1785624007017478921,110026153176403,113400001689,0
/localization/kinematic_state,113400001689,1785624007018122895,110026153819917,113400001689,0
/sensing/lidar/top/pointcloud_raw_ex,113400001689,1785624007028325297,110026164022970,113400001689,105964
/localization/kinematic_state,113450001690,1785624007065562913,110026201259915,113450001690,0
/tf,113450001690,1785624007065765416,110026201462376,113450001690,0
/sensing/lidar/top/pointcloud_raw_ex,113450001690,1785624007076796244,110026212493850,113450001690,114380
/localization/kinematic_state,113500001691,1785624007116623348,110026252320701,113500001691,0
/tf,113500001691,1785624007117623120,110026253320199,113500001691,0
/sensing/lidar/top/pointcloud_raw_ex,113500001691,1785624007126495748,110026262193391,113500001691,105660
/tf,113550001692,1785624007162640131,110026298337332,113550001692,0
/localization/kinematic_state,113550001692,1785624007163735293,110026299432351,113550001692,0
/sensing/lidar/top/pointcloud_raw_ex,113550001692,1785624007177145574,110026312843099,113550001692,115164
/localization/kinematic_state,113600001692,1785624007215066641,110026350763832,113600001692,0
/tf,113600001692,1785624007217934588,110026353631670,113600001692,0
/sensing/lidar/top/pointcloud_raw_ex,113600001692,1785624007226845385,110026362543099,113600001692,107356
/tf,113650001693,1785624007263334291,110026399031371,113650001693,0
/localization/kinematic_state,113650001693,1785624007263369022,110026399065879,113650001693,0
/sensing/lidar/top/pointcloud_raw_ex,113650001693,1785624007280384940,110026416082618,113650001693,115644
/control/command/control_cmd,113650001693,1785624007309149979,110026444847541,113650001693,80
/control/command/control_cmd,113650001693,1785624007310463134,110026446160407,113650001693,80
/localization/kinematic_state,113700001694,1785624007326205831,110026461903009,113700001694,0
/tf,113700001694,1785624007326387216,110026462084144,113700001694,0
/sensing/lidar/top/pointcloud_raw_ex,113700001694,1785624007327901219,110026463598613,113700001694,105996
/localization/kinematic_state,113750001695,1785624007366433170,110026502130447,113750001695,0
/tf,113750001695,1785624007367124240,110026502821308,113750001695,0
/sensing/lidar/top/pointcloud_raw_ex,113750001695,1785624007378070341,110026513767882,113750001695,113356
/sensing/lidar/top/pointcloud_raw_ex,113800001695,1785624007426595361,110026562292914,113800001695,106844
/localization/kinematic_state,113800001695,1785624007426633733,110026562330590,113800001695,0
/tf,113800001695,1785624007428413656,110026564110928,113800001695,0
/localization/pose_estimator/pose_with_covariance,113750001695,1785624007452364239,110026588061348,113800001695,0
/localization/kinematic_state,113850001696,1785624007467276804,110026602974061,113850001696,0
/tf,113850001696,1785624007468806720,110026604503908,113850001696,0
/sensing/lidar/top/pointcloud_raw_ex,113850001696,1785624007479994759,110026615692440,113850001696,115436
/localization/kinematic_state,113900001697,1785624007523341712,110026659038910,113900001697,0
/tf,113900001697,1785624007524233623,110026659930811,113900001697,0
/sensing/lidar/top/pointcloud_raw_ex,113900001697,1785624007527417752,110026663115266,113900001697,106300
/control/command/control_cmd,113900001697,1785624007565710119,110026701407800,113950001697,80
/control/command/control_cmd,113950001697,1785624007569220766,110026704918198,113950001697,80
/localization/kinematic_state,113950001697,1785624007570553514,110026706250557,113950001697,0
/tf,113950001697,1785624007573429436,110026709126661,113950001697,0
/sensing/lidar/top/pointcloud_raw_ex,113950001697,1785624007576029484,110026711727231,113950001697,113580
/localization/kinematic_state,114000001698,1785624007618526100,110026754223290,114000001698,0
/tf,114000001698,1785624007619483232,110026755180529,114000001698,0
/sensing/lidar/top/pointcloud_raw_ex,114000001698,1785624007624748597,110026760446142,114000001698,106908
/localization/kinematic_state,114050001699,1785624007668095510,110026803792647,114050001699,0
/tf,114050001699,1785624007668954439,110026804651486,114050001699,0
/sensing/lidar/top/pointcloud_raw_ex,114050001699,1785624007676606228,110026812303979,114050001699,113276
/localization/kinematic_state,114100001700,1785624007716075318,110026851772634,114100001700,0
/tf,114100001700,1785624007716480319,110026852177349,114100001700,0
/sensing/lidar/top/pointcloud_raw_ex,114100001700,1785624007727571863,110026863269543,114100001700,106796
/localization/kinematic_state,114150001700,1785624007768365966,110026904062990,114150001700,0
/tf,114150001700,1785624007771348698,110026907045705,114150001700,0
/sensing/lidar/top/pointcloud_raw_ex,114150001700,1785624007780353741,110026916051039,114150001700,113884
/localization/kinematic_state,114200001701,1785624007820002412,110026955699700,114200001701,0
/tf,114200001701,1785624007820734108,110026956431081,114200001701,0
/sensing/lidar/top/pointcloud_raw_ex,114200001701,1785624007828395454,110026964092870,114200001701,109404
/localization/pose_estimator/pose_with_covariance,114150001700,1785624007839542906,110026975240038,114200001701,0
/localization/kinematic_state,114250001702,1785624007867028291,110027002725505,114250001702,0
/tf,114250001702,1785624007869395790,110027005092979,114250001702,0
/sensing/lidar/top/pointcloud_raw_ex,114250001702,1785624007879264220,110027014962192,114250001702,112524
/localization/kinematic_state,114300001703,1785624007920140565,110027055837725,114300001703,0
/tf,114300001703,1785624007925968028,110027061665305,114300001703,0
/sensing/lidar/top/pointcloud_raw_ex,114300001703,1785624007927881336,110027063578932,114300001703,107596
/localization/kinematic_state,114350001703,1785624007968666656,110027104363782,114350001703,0
/tf,114350001703,1785624007969816369,110027105513460,114350001703,0
/sensing/lidar/top/pointcloud_raw_ex,114350001703,1785624007978080465,110027113777875,114350001703,115356
/localization/kinematic_state,114400001704,1785624008017997283,110027153694488,114400001704,0
/tf,114400001704,1785624008022059667,110027157756823,114400001704,0
/sensing/lidar/top/pointcloud_raw_ex,114400001704,1785624008032811391,110027168508900,114400001704,105708
/tf,114450001705,1785624008066134458,110027201831711,114450001705,0
/localization/kinematic_state,114450001705,1785624008067008522,110027202705616,114450001705,0
/sensing/lidar/top/pointcloud_raw_ex,114450001705,1785624008079929340,110027215626922,114450001705,114204
/control/command/control_cmd,114450001705,1785624008097553404,110027233251052,114450001705,80
/control/command/control_cmd,114450001705,1785624008098827099,110027234524630,114450001705,80
/localization/kinematic_state,114500001706,1785624008117343317,110027253040531,114500001706,0
/localization/pose_estimator/pose_with_covariance,114450001705,1785624008119628974,110027255326190,114500001706,0
/tf,114500001706,1785624008120176095,110027255873072,114500001706,0
/sensing/lidar/top/pointcloud_raw_ex,114500001706,1785624008128735273,110027264433015,114500001706,105372
/localization/kinematic_state,114550001706,1785624008166866282,110027302563504,114550001706,0
/tf,114550001706,1785624008168351312,110027304048477,114550001706,0
/control/command/control_cmd,114550001706,1785624008177938570,110027313636292,114550001706,80
/sensing/lidar/top/pointcloud_raw_ex,114550001706,1785624008180095867,110027315793461,114550001706,114124
/tf,114600001707,1785624008219070244,110027354767500,114600001707,0
/localization/kinematic_state,114600001707,1785624008219163466,110027354860292,114600001707,0
/control/command/control_cmd,114600001707,1785624008219470497,110027355167340,114600001707,80
/sensing/lidar/top/pointcloud_raw_ex,114600001707,1785624008231097329,110027366795068,114600001707,107132
/tf,114650001708,1785624008274223933,110027409921214,114650001708,0
/localization/kinematic_state,114650001708,1785624008274268854,110027409965756,114650001708,0
/sensing/lidar/top/pointcloud_raw_ex,114650001708,1785624008281119069,110027416816785,114650001708,114492
/tf,114700001709,1785624008326181296,110027461878601,114700001709,0
/localization/kinematic_state,114700001709,1785624008326916858,110027462613943,114700001709,0
/sensing/lidar/top/pointcloud_raw_ex,114700001709,1785624008333296072,110027468993880,114700001709,106188
/tf,114750001709,1785624008378355744,110027514052935,114750001709,0
/localization/kinematic_state,114750001709,1785624008378606245,110027514303329,114750001709,0
/sensing/lidar/top/pointcloud_raw_ex,114750001709,1785624008379831879,110027515529032,114750001709,115628
/control/command/control_cmd,114750001709,1785624008405597643,110027541295307,114750001709,80
/localization/kinematic_state,114800001710,1785624008423325197,110027559022465,114800001710,0
/tf,114800001710,1785624008423727208,110027559424261,114800001710,0
/sensing/lidar/top/pointcloud_raw_ex,114800001710,1785624008431366198,110027567063904,114800001710,107260
/sensing/lidar/top/pointcloud_raw_ex,114850001711,1785624008483424509,110027619122104,114850001711,115372
/tf,114850001711,1785624008485467787,110027621165005,114850001711,0
/localization/kinematic_state,114850001711,1785624008485690473,110027621387524,114850001711,0
/tf,114900001712,1785624008520859340,110027656556680,114900001712,0
/localization/kinematic_state,114900001712,1785624008520908157,110027656605051,114900001712,0
/sensing/lidar/top/pointcloud_raw_ex,114900001712,1785624008528590065,110027664287478,114900001712,108812
/control/command/control_cmd,114900001712,1785624008555928283,110027691626087,114900001712,80
/localization/kinematic_state,114950001712,1785624008573009739,110027708706876,114950001712,0
/tf,114950001712,1785624008573171125,110027708868045,114950001712,0
/sensing/lidar/top/pointcloud_raw_ex,114950001712,1785624008582435351,110027718132966,114950001712,113980
/tf,115000001713,1785624008622991223,110027758688565,115000001713,0
/localization/kinematic_state,115000001713,1785624008623252379,110027758949291,115000001713,0
/sensing/lidar/top/pointcloud_raw_ex,115000001713,1785624008630272224,110027765969876,115000001713,108156
/localization/kinematic_state,115050001714,1785624008669883277,110027805580674,115050001714,0
/tf,115050001714,1785624008674020650,110027809717927,115050001714,0
/sensing/lidar/top/pointcloud_raw_ex,115050001714,1785624008683025232,110027818722791,115050001714,114012
/control/command/control_cmd,115050001714,1785624008703084956,110027838782556,115050001714,80
/control/command/control_cmd,115100001715,1785624008721070105,110027856767786,115100001715,80
/tf,115100001715,1785624008725660903,110027861358270,115100001715,0
/localization/kinematic_state,115100001715,1785624008725825223,110027861522169,115100001715,0
/sensing/lidar/top/pointcloud_raw_ex,115100001715,1785624008730317573,110027866015214,115100001715,107404
/localization/kinematic_state,115150001715,1785624008771376480,110027907073906,115150001715,0
/tf,115150001715,1785624008771400377,110027907097202,115150001715,0
/sensing/lidar/top/pointcloud_raw_ex,115150001715,1785624008781520187,110027917217725,115150001715,115052
/control/command/control_cmd,115150001715,1785624008791897645,110027927595274,115150001715,80
/localization/kinematic_state,115200001716,1785624008819889262,110027955586492,115200001716,0
/tf,115200001716,1785624008822951549,110027958648720,115200001716,0
/sensing/lidar/top/pointcloud_raw_ex,115200001716,1785624008830025186,110027965722825,115200001716,107068
/localization/kinematic_state,115250001717,1785624008869479953,110028005177197,115250001717,0
/tf,115250001717,1785624008870253629,110028005950671,115250001717,0
/sensing/lidar/top/pointcloud_raw_ex,115250001717,1785624008882476850,110028018174340,115250001717,114956
/tf,115300001718,1785624008920978075,110028056675110,115300001718,0
/localization/kinematic_state,115300001718,1785624008921076099,110028056773141,115300001718,0
/control/command/control_cmd,115300001718,1785624008922087200,110028057784352,115300001718,80
/sensing/lidar/top/pointcloud_raw_ex,115300001718,1785624008934314308,110028070011853,115300001718,106044
/localization/pose_estimator/pose_with_covariance,115250001717,1785624008948473215,110028084170446,115300001718,0
/tf,115350001718,1785624008969100839,110028104798120,115350001718,0
/localization/kinematic_state,115350001718,1785624008969142947,110028104839841,115350001718,0
/localization/pose_estimator/pose_with_covariance,115300001718,1785624008970001301,110028105698440,115350001718,0
/sensing/lidar/top/pointcloud_raw_ex,115350001718,1785624008981017151,110028116715054,115350001718,114828
/localization/kinematic_state,115400001719,1785624009022725399,110028158422695,115400001719,0
/tf,115400001719,1785624009025275828,110028160973051,115400001719,0
/sensing/lidar/top/pointcloud_raw_ex,115400001719,1785624009031840140,110028167537907,115400001719,104492
/tf,115450001720,1785624009074251917,110028209949191,115450001720,0
/localization/kinematic_state,115450001720,1785624009075382160,110028211079225,115450001720,0
/sensing/lidar/top/pointcloud_raw_ex,115450001720,1785624009085298377,110028220996004,115450001720,113484
/tf,115500001721,1785624009120561477,110028256258779,115500001721,0
/localization/kinematic_state,115500001721,1785624009120636324,110028256333209,115500001721,0
/sensing/lidar/top/pointcloud_raw_ex,115500001721,1785624009131709102,110028267406849,115500001721,105532
/localization/kinematic_state,115550001721,1785624009173242518,110028308939969,115550001721,0
/tf,115550001721,1785624009174376878,110028310073998,115550001721,0
/sensing/lidar/top/pointcloud_raw_ex,115550001721,1785624009182275649,110028317973236,115550001721,114956
/tf,115600001722,1785624009223557882,110028359255254,115600001722,0
/localization/kinematic_state,115600001722,1785624009223798483,110028359495534,115600001722,0
/sensing/lidar/top/pointcloud_raw_ex,115600001722,1785624009230744433,110028366441962,115600001722,106684
/control/command/control_cmd,115600001722,1785624009236534832,110028372232405,115600001722,80
/localization/pose_estimator/pose_with_covariance,115550001721,1785624009276995517,110028412692746,115650001723,0
/sensing/lidar/top/pointcloud_raw_ex,115650001723,1785624009280247547,110028415945032,115650001723,113628
/tf,115650001723,1785624009286556656,110028422253949,115650001723,0
/localization/kinematic_state,115650001723,1785624009286631650,110028422328581,115650001723,0
/localization/kinematic_state,115700001724,1785624009321619656,110028457316933,115700001724,0
/tf,115700001724,1785624009322797190,110028458494223,115700001724,0
/sensing/lidar/top/pointcloud_raw_ex,115700001724,1785624009332150022,110028467847774,115700001724,106300
/tf,115750001724,1785624009370698525,110028506395857,115750001724,0
/localization/kinematic_state,115750001724,1785624009370767537,110028506464434,115750001724,0
/sensing/lidar/top/pointcloud_raw_ex,115750001724,1785624009384366499,110028520064264,115750001724,113356
/tf,115800001725,1785624009420103976,110028555801318,115800001725,0
/localization/kinematic_state,115800001725,1785624009420426408,110028556123349,115800001725,0
/control/command/control_cmd,115800001725,1785624009422150255,110028557847581,115800001725,80
/sensing/lidar/top/pointcloud_raw_ex,115800001725,1785624009432552001,110028568249743,115800001725,106940
/tf,115850001726,1785624009473203317,110028608900497,115850001726,0
/localization/kinematic_state,115850001726,1785624009473630031,110028609327071,115850001726,0
/control/command/control_cmd,115850001726,1785624009474470762,110028610167931,115850001726,80
/sensing/lidar/top/pointcloud_raw_ex,115850001726,1785624009484462053,110028620159803,115850001726,115420
/localization/kinematic_state,115900001727,1785624009521503336,110028657200629,115900001727,0
/sensing/lidar/top/pointcloud_raw_ex,115900001727,1785624009533526132,110028669223649,115900001727,106620
/tf,115900001727,1785624009533571846,110028669268823,115900001727,0
/localization/kinematic_state,115950001727,1785624009571777426,110028707474536,115950001727,0
/tf,115950001727,1785624009575046251,110028710743444,115950001727,0
/sensing/lidar/top/pointcloud_raw_ex,115950001727,1785624009581812901,110028717510477,115950001727,116124
/tf,116000001728,1785624009623754814,110028759452142,116000001728,0
/localization/kinematic_state,116000001728,1785624009624363971,110028760061020,116000001728,0
/sensing/lidar/top/pointcloud_raw_ex,116000001728,1785624009634477282,110028770174788,116000001728,107500
/control/command/control_cmd,115950001727,1785624009641837458,110028777535040,116000001728,80
/sensing/lidar/top/pointcloud_raw_ex,116050001729,1785624009682686047,110028818383769,116050001729,115676
/control/command/control_cmd,116000001728,1785624009682919218,110028818616221,116050001729,80
/tf,116050001729,1785624009683205165,110028818902068,116050001729,0
/localization/kinematic_state,116050001729,1785624009683314144,110028819011255,116050001729,0
/sensing/lidar/top/pointcloud_raw_ex,116100001730,1785624009732607632,110028868305300,116100001730,107996
/localization/kinematic_state,116100001730,1785624009739613499,110028875310783,116100001730,0
/tf,116100001730,1785624009739650319,110028875347179,116100001730,0
/localization/pose_estimator/pose_with_covariance,116000001728,1785624009742918882,110028878615976,116100001730,0
/control/command/control_cmd,116100001730,1785624009760040830,110028895738430,116100001730,80
/localization/kinematic_state,116150001730,1785624009772519330,110028908216467,116150001730,0
/tf,116150001730,1785624009775353674,110028911050721,116150001730,0
/sensing/lidar/top/pointcloud_raw_ex,116150001730,1785624009785333010,110028921030307,116150001730,114684
/control/command/control_cmd,116150001730,1785624009800613816,110028936311311,116150001730,80
/localization/kinematic_state,116200001731,1785624009823106536,110028958803827,116200001731,0
/tf,116200001731,1785624009823129097,110028958825946,116200001731,0
/sensing/lidar/top/pointcloud_raw_ex,116200001731,1785624009832218924,110028967916542,116200001731,106428
/tf,116250001732,1785624009872320073,110029008017213,116250001732,0
/control/command/control_cmd,116250001732,1785624009872575390,110029008272729,116250001732,80
/localization/kinematic_state,116250001732,1785624009872777281,110029008474258,116250001732,0
/sensing/lidar/top/pointcloud_raw_ex,116250001732,1785624009884377025,110029020074696,116250001732,114492
/localization/kinematic_state,116300001733,1785624009925622995,110029061320119,116300001733,0
/tf,116300001733,1785624009929791085,110029065488468,116300001733,0
/sensing/lidar/top/pointcloud_raw_ex,116300001733,1785624009935153990,110029070851498,116300001733,106284
/tf,116350001733,1785624009975470161,110029111167500,116350001733,0
/localization/kinematic_state,116350001733,1785624009975515122,110029111211953,116350001733,0
/sensing/lidar/top/pointcloud_raw_ex,116350001733,1785624009984562533,110029120260241,116350001733,114284
/tf,116400001734,1785624010029042612,110029164739889,116400001734,0
/localization/kinematic_state,116400001734,1785624010029365065,110029165062112,116400001734,0
/sensing/lidar/top/pointcloud_raw_ex,116400001734,1785624010035682580,110029171380244,116400001734,107836
/tf,116450001735,1785624010074628758,110029210326136,116450001735,0
/localization/kinematic_state,116450001735,1785624010074670911,110029210367759,116450001735,0
/sensing/lidar/top/pointcloud_raw_ex,116450001735,1785624010087098108,110029222795800,116450001735,114284
/control/command/control_cmd,116500001735,1785624010122214815,110029257912573,116500001735,80
/tf,116500001735,1785624010123754131,110029259451297,116500001735,0
/localization/kinematic_state,116500001735,1785624010123841752,110029259538748,116500001735,0
/sensing/lidar/top/pointcloud_raw_ex,116500001735,1785624010136551920,110029272249550,116500001735,106876
/tf,116550001736,1785624010172601587,110029308298639,116550001736,0
/localization/kinematic_state,116550001736,1785624010172653771,110029308350687,116550001736,0
/sensing/lidar/top/pointcloud_raw_ex,116550001736,1785624010186083902,110029321781838,116550001736,113740
/localization/kinematic_state,116600001737,1785624010224776434,110029360473630,116600001737,0
/tf,116600001737,1785624010227518986,110029363216211,116600001737,0
/sensing/lidar/top/pointcloud_raw_ex,116600001737,1785624010235058602,110029370756395,116600001737,107244
/sensing/lidar/top/pointcloud_raw_ex,116650001738,1785624010286723868,110029422421516,116650001738,116796
/localization/pose_estimator/pose_with_covariance,116550001736,1785624010298083828,110029433781494,116650001738,0
/localization/kinematic_state,116700001738,1785624010324038068,110029459735269,116700001738,0
/tf,116700001738,1785624010324192280,110029459889252,116700001738,0
/sensing/lidar/top/pointcloud_raw_ex,116700001738,1785624010337323509,110029473021078,116700001738,107964
/control/command/control_cmd,116650001738,1785624010338057582,110029473754816,116700001738,80
/localization/kinematic_state,116750001739,1785624010373370410,110029509067613,116750001739,0
/tf,116750001739,1785624010373394631,110029509091486,116750001739,0
/sensing/lidar/top/pointcloud_raw_ex,116750001739,1785624010387668693,110029523366629,116750001739,115308
/localization/pose_estimator/pose_with_covariance,116650001738,1785624010392635314,110029528332483,116750001739,0
/localization/kinematic_state,116800001740,1785624010428368732,110029564065888,116800001740,0
/tf,116800001740,1785624010428389220,110029564086108,116800001740,0
/sensing/lidar/top/pointcloud_raw_ex,116800001740,1785624010435177903,110029570875103,116800001740,107692
/control/command/control_cmd,116800001740,1785624010453187472,110029588885070,116800001740,80
/sensing/lidar/top/pointcloud_raw_ex,116850001741,1785624010484947112,110029620644681,116850001741,114780
/tf,116850001741,1785624010485989796,110029621686873,116850001741,0
/localization/kinematic_state,116850001741,1785624010486578651,110029622275696,116850001741,0
/localization/kinematic_state,116900001741,1785624010526960175,110029662657599,116900001741,0
/tf,116900001741,1785624010527149773,110029662846769,116900001741,0
/sensing/lidar/top/pointcloud_raw_ex,116900001741,1785624010538406367,110029674104122,116900001741,106428
/tf,116950001742,1785624010585014019,110029720711279,116950001742,0
/localization/kinematic_state,116950001742,1785624010585168787,110029720865963,116950001742,0
/sensing/lidar/top/pointcloud_raw_ex,116950001742,1785624010585936934,110029721634155,116950001742,114668
/control/command/control_cmd,116950001742,1785624010595035042,110029730732601,116950001742,80
/localization/pose_estimator/pose_with_covariance,116950001742,1785624010631597700,110029767295094,117000001743,0
/localization/kinematic_state,117000001743,1785624010636188777,110029771886028,117000001743,0
/tf,117000001743,1785624010636224893,110029771921738,117000001743,0
/sensing/lidar/top/pointcloud_raw_ex,117000001743,1785624010636976568,110029772674227,117000001743,105164
/tf,117050001744,1785624010677370101,110029813067558,117050001744,0
/localization/kinematic_state,117050001744,1785624010678229427,110029813926564,117050001744,0
/sensing/lidar/top/pointcloud_raw_ex,117050001744,1785624010687930691,110029823628368,117050001744,114876
/localization/kinematic_state,117100001744,1785624010725385738,110029861082938,117100001744,0
/tf,117100001744,1785624010733907688,110029869605189,117100001744,0
/control/command/control_cmd,117050001744,1785624010734411067,110029870108145,117100001744,80
/sensing/lidar/top/pointcloud_raw_ex,117100001744,1785624010737578900,110029873276203,117100001744,106124
/tf,117150001745,1785624010784543362,110029920240579,117150001745,0
/localization/kinematic_state,117150001745,1785624010784825690,110029920522674,117150001745,0
/sensing/lidar/top/pointcloud_raw_ex,117150001745,1785624010788354484,110029924052377,117150001745,115916
/localization/kinematic_state,117200001746,1785624010827897209,110029963594314,117200001746,0
/tf,117200001746,1785624010829899295,110029965596561,117200001746,0
/sensing/lidar/top/pointcloud_raw_ex,117200001746,1785624010837376317,110029973073825,117200001746,106956
/localization/pose_estimator/pose_with_covariance,117150001745,1785624010862684211,110029998381465,117200001746,0
/localization/kinematic_state,117250001747,1785624010878240258,110030013937372,117250001747,0
/tf,117250001747,1785624010880135510,110030015832661,117250001747,0
/sensing/lidar/top/pointcloud_raw_ex,117250001747,1785624010888713422,110030024410998,117250001747,113820
/control/command/control_cmd,117250001747,1785624010919917113,110030055614539,117250001747,80
/localization/kinematic_state,117300001747,1785624010926834262,110030062531630,117300001747,0
/tf,117300001747,1785624010926989017,110030062685959,117300001747,0
/sensing/lidar/top/pointcloud_raw_ex,117300001747,1785624010939915118,110030075612791,117300001747,107452
/localization/kinematic_state,117350001748,1785624010982202552,110030117899916,117350001748,0
/tf,117350001748,1785624010982673508,110030118370646,117350001748,0
/sensing/lidar/top/pointcloud_raw_ex,117350001748,1785624010989633294,110030125331305,117350001748,116988
/localization/kinematic_state,117400001749,1785624011029117502,110030164814730,117400001749,0
/tf,117400001749,1785624011029883515,110030165580861,117400001749,0
/sensing/lidar/top/pointcloud_raw_ex,117400001749,1785624011039188649,110030174886201,117400001749,107516
/control/command/control_cmd,117400001749,1785624011057836163,110030193533797,117400001749,80
/localization/kinematic_state,117450001750,1785624011088486405,110030224183701,117450001750,0
/tf,117450001750,1785624011088970157,110030224667214,117450001750,0
/sensing/lidar/top/pointcloud_raw_ex,117450001750,1785624011091092950,110030226790465,117450001750,115308
/tf,117500001750,1785624011128788652,110030264485943,117500001750,0
/localization/kinematic_state,117500001750,1785624011128831838,110030264528697,117500001750,0
/sensing/lidar/top/pointcloud_raw_ex,117500001750,1785624011142210321,110030277908068,117500001750,106668
/localization/kinematic_state,117550001751,1785624011177731787,110030313429005,117550001751,0
/tf,117550001751,1785624011178254434,110030313951681,117550001751,0
/sensing/lidar/top/pointcloud_raw_ex,117550001751,1785624011189659837,110030325357691,117550001751,115004
/localization/kinematic_state,117600001752,1785624011238675212,110030374372500,117600001752,0
/tf,117600001752,1785624011243813078,110030379510356,117600001752,0
/sensing/lidar/top/pointcloud_raw_ex,117600001752,1785624011243882431,110030379579302,117600001752,106204
/localization/pose_estimator/pose_with_covariance,117550001751,1785624011245533800,110030381231015,117600001752,0
/sensing/lidar/top/pointcloud_raw_ex,117650001753,1785624011288594874,110030424292708,117650001753,115100
/localization/kinematic_state,117650001753,1785624011289695150,110030425392293,117650001753,0
/tf,117650001753,1785624011291556395,110030427253444,117650001753,0
/tf,117700001753,1785624011327552354,110030463249523,117700001753,0
/localization/kinematic_state,117700001753,1785624011327943613,110030463640739,117700001753,0
/sensing/lidar/top/pointcloud_raw_ex,117700001753,1785624011336815763,110030472513468,117700001753,105692
/control/command/control_cmd,117700001753,1785624011349185559,110030484883111,117700001753,80
/tf,117750001754,1785624011384357478,110030520054761,117750001754,0
/localization/kinematic_state,117750001754,1785624011384403507,110030520100347,117750001754,0
/sensing/lidar/top/pointcloud_raw_ex,117750001754,1785624011388123690,110030523821183,117750001754,113868
/localization/kinematic_state,117800001755,1785624011428506317,110030564203561,117800001755,0
/tf,117800001755,1785624011429511100,110030565208149,117800001755,0
/sensing/lidar/top/pointcloud_raw_ex,117800001755,1785624011441423320,110030577120911,117800001755,105532
/localization/kinematic_state,117850001756,1785624011478595559,110030614292696,117850001756,0
/tf,117850001756,1785624011482383885,110030618081217,117850001756,0
/sensing/lidar/top/pointcloud_raw_ex,117850001756,1785624011492095950,110030627793564,117850001756,115228
/tf,117900001756,1785624011528141011,110030663838224,117900001756,0
/localization/kinematic_state,117900001756,1785624011528408467,110030664105454,117900001756,0
/sensing/lidar/top/pointcloud_raw_ex,117900001756,1785624011544440493,110030680137894,117900001756,105996
/localization/kinematic_state,117950001757,1785624011583344308,110030719041398,117950001757,0
/tf,117950001757,1785624011583362136,110030719058986,117950001757,0
/sensing/lidar/top/pointcloud_raw_ex,117950001757,1785624011593673664,110030729370935,117950001757,115260
/localization/pose_estimator/pose_with_covariance,117900001756,1785624011631575433,110030767272391,118000001758,0
/tf,118000001758,1785624011631898022,110030767594929,118000001758,0
/localization/kinematic_state,118000001758,1785624011632334511,110030768031463,118000001758,0
/sensing/lidar/top/pointcloud_raw_ex,118000001758,1785624011643232289,110030778929836,118000001758,107404
/localization/kinematic_state,118050001759,1785624011683069487,110030818766657,118050001759,0
/tf,118050001759,1785624011690238627,110030825935880,118050001759,0
/sensing/lidar/top/pointcloud_raw_ex,118050001759,1785624011694650928,110030830348784,118050001759,113516
/localization/kinematic_state,118100001759,1785624011734512341,110030870209758,118100001759,0
/tf,118100001759,1785624011735836801,110030871533828,118100001759,0
/sensing/lidar/top/pointcloud_raw_ex,118100001759,1785624011741926706,110030877624194,118100001759,107180
/control/command/control_cmd,118000001758,1785624011743771043,110030879468688,118100001759,80
/localization/kinematic_state,118150001760,1785624011782231345,110030917928550,118150001760,0
/tf,118150001760,1785624011784941511,110030920638734,118150001760,0
/sensing/lidar/top/pointcloud_raw_ex,118150001760,1785624011794319700,110030930017265,118150001760,112956
/localization/pose_estimator/pose_with_covariance,118100001759,1785624011833409938,110030969107187,118200001761,0
/tf,118200001761,1785624011834310235,110030970007429,118200001761,0
/localization/kinematic_state,118200001761,1785624011834849696,110030970546742,118200001761,0
/sensing/lidar/top/pointcloud_raw_ex,118200001761,1785624011843514575,110030979212440,118200001761,106204
/control/command/control_cmd,118200001761,1785624011879762449,110031015460062,118200001761,80
/localization/kinematic_state,118250001762,1785624011882505716,110031018203287,118250001762,0
/tf,118250001762,1785624011883525148,110031019222281,118250001762,0
/sensing/lidar/top/pointcloud_raw_ex,118250001762,1785624011895212683,110031030910522,118250001762,114284
/localization/kinematic_state,118300001762,1785624011935418553,110031071115750,118300001762,0
/tf,118300001762,1785624011937861833,110031073558866,118300001762,0
/sensing/lidar/top/pointcloud_raw_ex,118300001762,1785624011943861167,110031079558825,118300001762,107756
/localization/pose_estimator/pose_with_covariance,118250001762,1785624011945605904,110031081303189,118300001762,0
/tf,118350001763,1785624011983765237,110031119462544,118350001763,0
/localization/kinematic_state,118350001763,1785624011983840226,110031119537091,118350001763,0
/sensing/lidar/top/pointcloud_raw_ex,118350001763,1785624011995353741,110031131051488,118350001763,116796
/localization/kinematic_state,118400001764,1785624012033876028,110031169573232,118400001764,0
/tf,118400001764,1785624012033910982,110031169607821,118400001764,0
/sensing/lidar/top/pointcloud_raw_ex,118400001764,1785624012044184782,110031179882762,118400001764,108060
/tf,118450001765,1785624012084080269,110031219777505,118450001765,0
/localization/kinematic_state,118450001765,1785624012084485780,110031220182809,118450001765,0
/sensing/lidar/top/pointcloud_raw_ex,118450001765,1785624012099257250,110031234954832,118450001765,115740
/localization/kinematic_state,118500001765,1785624012135199506,110031270897024,118500001765,0
/tf,118500001765,1785624012135331754,110031271028654,118500001765,0
/sensing/lidar/top/pointcloud_raw_ex,118500001765,1785624012142267115,110031277964776,118500001765,106316
/tf,118550001766,1785624012192614687,110031328311965,118550001766,0
/localization/kinematic_state,118550001766,1785624012192655572,110031328352432,118550001766,0
/sensing/lidar/top/pointcloud_raw_ex,118550001766,1785624012194073974,110031329771172,118550001766,114348
/tf,118600001767,1785624012232394166,110031368091581,118600001767,0
/localization/kinematic_state,118600001767,1785624012232896854,110031368593915,118600001767,0
/sensing/lidar/top/pointcloud_raw_ex,118600001767,1785624012244134104,110031379833253,118600001767,106604
/tf,118650001768,1785624012288642944,110031424340238,118650001768,0
/localization/kinematic_state,118650001768,1785624012289269454,110031424966476,118650001768,0
/sensing/lidar/top/pointcloud_raw_ex,118650001768,1785624012296681487,110031432379037,118650001768,115980
/tf,118700001768,1785624012332718438,110031468415452,118700001768,0
/localization/kinematic_state,118700001768,1785624012333200034,110031468897063,118700001768,0
/sensing/lidar/top/pointcloud_raw_ex,118700001768,1785624012352121748,110031487819359,118700001768,106652
/localization/pose_estimator/pose_with_covariance,118650001768,1785624012362475563,110031498172981,118700001768,0
/tf,118750001769,1785624012394519891,110031530217174,118750001769,0
/localization/kinematic_state,118750001769,1785624012394695758,110031530392771,118750001769,0
/sensing/lidar/top/pointcloud_raw_ex,118750001769,1785624012397156403,110031532854126,118750001769,113468
/localization/pose_estimator/pose_with_covariance,118700001768,1785624012428200176,110031563897396,118750001769,0
/localization/kinematic_state,118800001770,1785624012439642014,110031575339209,118800001770,0
/tf,118800001770,1785624012439806457,110031575503439,118800001770,0
/localization/pose_estimator/pose_with_covariance,118750001769,1785624012439931435,110031575628388,118800001770,0
/sensing/lidar/top/pointcloud_raw_ex,118800001770,1785624012447861399,110031583558784,118800001770,105564
/localization/kinematic_state,118850001771,1785624012487191556,110031622888854,118850001771,0
/tf,118850001771,1785624012487212731,110031622909574,118850001771,0
/sensing/lidar/top/pointcloud_raw_ex,118850001771,1785624012498913145,110031634610740,118850001771,114796
/tf,118900001771,1785624012542090257,110031677787504,118900001771,0
/localization/kinematic_state,118900001771,1785624012542323659,110031678020719,118900001771,0
/sensing/lidar/top/pointcloud_raw_ex,118900001771,1785624012545470425,110031681167874,118900001771,106380
/tf,118950001772,1785624012586999649,110031722696888,118950001772,0
/localization/kinematic_state,118950001772,1785624012587273170,110031722970252,118950001772,0
/sensing/lidar/top/pointcloud_raw_ex,118950001772,1785624012602015116,110031737712960,118950001772,113548
/tf,119000001773,1785624012635236447,110031770933921,119000001773,0
/localization/kinematic_state,119000001773,1785624012635278874,110031770975732,119000001773,0
/sensing/lidar/top/pointcloud_raw_ex,119000001773,1785624012645716894,110031781414561,119000001773,107580
/sensing/lidar/top/pointcloud_raw_ex,119050001773,1785624012695884683,110031831582262,119050001773,115004
/localization/kinematic_state,119050001773,1785624012698719212,110031834416387,119050001773,0
/control/command/control_cmd,119050001773,1785624012702535129,110031838311108,119050001773,80
/tf,119050001773,1785624012709703878,110031845401384,119050001773,0
/tf,119100001774,1785624012740790634,110031876487854,119100001774,0
/localization/kinematic_state,119100001774,1785624012741681630,110031877378800,119100001774,0
/sensing/lidar/top/pointcloud_raw_ex,119100001774,1785624012747350350,110031883048000,119100001774,106924
/localization/kinematic_state,119150001775,1785624012793174611,110031928872153,119150001775,0
/sensing/lidar/top/pointcloud_raw_ex,119150001775,1785624012800273088,110031935970762,119150001775,116108
/tf,119150001775,1785624012804170830,110031939867970,119150001775,0
/localization/kinematic_state,119200001776,1785624012840998238,110031976695589,119200001776,0
/tf,119200001776,1785624012844455348,110031980152558,119200001776,0
/sensing/lidar/top/pointcloud_raw_ex,119200001776,1785624012848552198,110031984249719,119200001776,104652
/control/command/control_cmd,119200001776,1785624012857103991,110031992801684,119200001776,80
/localization/kinematic_state,119250001776,1785624012893435291,110032029132666,119250001776,0
/tf,119250001776,1785624012897454884,110032033152093,119250001776,0
/sensing/lidar/top/pointcloud_raw_ex,119250001776,1785624012898392304,110032034089569,119250001776,112972
/tf,119300001777,1785624012935144776,110032070842045,119300001777,0
/localization/kinematic_state,119300001777,1785624012935381030,110032071077992,119300001777,0
/sensing/lidar/top/pointcloud_raw_ex,119300001777,1785624012945965860,110032081663547,119300001777,106140
/localization/kinematic_state,119350001778,1785624012991966501,110032127663721,119350001778,0
/sensing/lidar/top/pointcloud_raw_ex,119350001778,1785624012998160444,110032133858034,119350001778,114460
/tf,119350001778,1785624012998613129,110032134310235,119350001778,0
/localization/kinematic_state,119400001779,1785624013038595740,110032174293015,119400001779,0
/tf,119400001779,1785624013039801092,110032175498286,119400001779,0
/sensing/lidar/top/pointcloud_raw_ex,119400001779,1785624013045015537,110032180713187,119400001779,105292
/tf,119450001779,1785624013085508710,110032221205976,119450001779,0
/localization/kinematic_state,119450001779,1785624013085813840,110032221510863,119450001779,0
/sensing/lidar/top/pointcloud_raw_ex,119450001779,1785624013096362450,110032232060133,119450001779,113084
/localization/kinematic_state,119500001780,1785624013140135814,110032275833016,119500001780,0
/tf,119500001780,1785624013144214427,110032279911648,119500001780,0
/sensing/lidar/top/pointcloud_raw_ex,119500001780,1785624013148447009,110032284144946,119500001780,106780
/localization/kinematic_state,119550001781,1785624013186662056,110032322359414,119550001781,0
/tf,119550001781,1785624013188371889,110032324069059,119550001781,0
/sensing/lidar/top/pointcloud_raw_ex,119550001781,1785624013200253148,110032335950634,119550001781,115516
/tf,119600001782,1785624013236507039,110032372204222,119600001782,0
/localization/kinematic_state,119600001782,1785624013237366910,110032373063770,119600001782,0
/sensing/lidar/top/pointcloud_raw_ex,119600001782,1785624013248473685,110032384171016,119600001782,106380
/tf,119650001782,1785624013291488872,110032427186189,119650001782,0
/localization/kinematic_state,119650001782,1785624013291656372,110032427353491,119650001782,0
/sensing/lidar/top/pointcloud_raw_ex,119650001782,1785624013299961457,110032435659072,119650001782,113996
/localization/kinematic_state,119700001783,1785624013343288697,110032478985897,119700001783,0
/tf,119700001783,1785624013346504818,110032482202043,119700001783,0
/sensing/lidar/top/pointcloud_raw_ex,119700001783,1785624013349438724,110032485136297,119700001783,106348
/localization/pose_estimator/pose_with_covariance,119650001782,1785624013369256720,110032504954004,119700001783,0
/localization/kinematic_state,119750001784,1785624013394921665,110032530618892,119750001784,0
/tf,119750001784,1785624013395073313,110032530770361,119750001784,0
/sensing/lidar/top/pointcloud_raw_ex,119750001784,1785624013400573826,110032536271200,119750001784,114988
/localization/kinematic_state,119800001785,1785624013440393701,110032576090916,119800001785,0
/tf,119800001785,1785624013444615375,110032580312661,119800001785,0
/sensing/lidar/top/pointcloud_raw_ex,119800001785,1785624013447393752,110032583091542,119800001785,105356
/localization/kinematic_state,119850001785,1785624013491044372,110032626741641,119850001785,0
/tf,119850001785,1785624013496410632,110032632107842,119850001785,0
/sensing/lidar/top/pointcloud_raw_ex,119850001785,1785624013499430180,110032635127774,119850001785,112876
/localization/kinematic_state,119900001786,1785624013542881668,110032678578927,119900001786,0
/tf,119900001786,1785624013543947317,110032679644625,119900001786,0
/sensing/lidar/top/pointcloud_raw_ex,119900001786,1785624013547716860,110032683414512,119900001786,106028
/tf,119950001787,1785624013588994583,110032724691907,119950001787,0
/localization/kinematic_state,119950001787,1785624013589787147,110032725484145,119950001787,0
/localization/pose_estimator/pose_with_covariance,119900001786,1785624013591651277,110032727348402,119950001787,0
/sensing/lidar/top/pointcloud_raw_ex,119950001787,1785624013604210182,110032739908032,119950001787,113980
/tf,120000001788,1785624013642974686,110032778671938,120000001788,0
/localization/kinematic_state,120000001788,1785624013643135996,110032778833063,120000001788,0
/sensing/lidar/top/pointcloud_raw_ex,120000001788,1785624013650238895,110032785936341,120000001788,106668
/tf,120050001788,1785624013688606878,110032824304194,120050001788,0
/localization/kinematic_state,120050001788,1785624013688676490,110032824373383,120050001788,0
/sensing/lidar/top/pointcloud_raw_ex,120050001788,1785624013699321073,110032835018770,120050001788,114700
/localization/kinematic_state,120100001789,1785624013739130050,110032874827530,120100001789,0
/tf,120100001789,1785624013739163362,110032874860257,120100001789,0
/sensing/lidar/top/pointcloud_raw_ex,120100001789,1785624013748658996,110032884356573,120100001789,107180
/sensing/lidar/top/pointcloud_raw_ex,120150001790,1785624013799358691,110032935056213,120150001790,114780
/localization/kinematic_state,120150001790,1785624013799399776,110032935096604,120150001790,0
/tf,120150001790,1785624013799418100,110032935114945,120150001790,0
/localization/kinematic_state,120200001791,1785624013838481891,110032974178948,120200001791,0
/tf,120200001791,1785624013838497545,110032974194392,120200001791,0
/sensing/lidar/top/pointcloud_raw_ex,120200001791,1785624013849900285,110032985597785,120200001791,106540
/tf,120250001791,1785624013890167607,110033025864875,120250001791,0
/localization/kinematic_state,120250001791,1785624013891065470,110033026762669,120250001791,0
/control/command/control_cmd,120200001791,1785624013899900545,110033035598339,120250001791,80
/sensing/lidar/top/pointcloud_raw_ex,120250001791,1785624013902979292,110033038676832,120250001791,115180
/localization/kinematic_state,120300001792,1785624013937548346,110033073245605,120300001792,0
/tf,120300001792,1785624013937571870,110033073268687,120300001792,0
/sensing/lidar/top/pointcloud_raw_ex,120300001792,1785624013950082519,110033085780101,120300001792,107244
/localization/kinematic_state,120350001793,1785624013990815542,110033126513051,120350001793,0
/tf,120350001793,1785624013990912199,110033126609100,120350001793,0
/sensing/lidar/top/pointcloud_raw_ex,120350001793,1785624014001734850,110033137432398,120350001793,114316
/localization/kinematic_state,120400001794,1785624014040522714,110033176219947,120400001794,0
/tf,120400001794,1785624014041647119,110033177344217,120400001794,0
/sensing/lidar/top/pointcloud_raw_ex,120400001794,1785624014048875739,110033184573526,120400001794,106972
/tf,120450001794,1785624014088653771,110033224351014,120450001794,0
/localization/kinematic_state,120450001794,1785624014089205676,110033224902741,120450001794,0
/sensing/lidar/top/pointcloud_raw_ex,120450001794,1785624014100134562,110033235832093,120450001794,113884
/localization/kinematic_state,120500001795,1785624014140375808,110033276073298,120500001795,0
/tf,120500001795,1785624014140400224,110033276097073,120500001795,0
/sensing/lidar/top/pointcloud_raw_ex,120500001795,1785624014151272846,110033286970449,120500001795,106508
/localization/kinematic_state,120550001796,1785624014190296027,110033325993260,120550001796,0
/tf,120550001796,1785624014192356420,110033328053707,120550001796,0
/sensing/lidar/top/pointcloud_raw_ex,120550001796,1785624014201787913,110033337485529,120550001796,115228
/localization/pose_estimator/pose_with_covariance,120500001795,1785624014214950922,110033350648216,120550001796,0
/tf,120600001797,1785624014247234465,110033382931693,120600001797,0
/localization/kinematic_state,120600001797,1785624014248100798,110033383797927,120600001797,0
/sensing/lidar/top/pointcloud_raw_ex,120600001797,1785624014254533841,110033390231219,120600001797,106204
/localization/pose_estimator/pose_with_covariance,120550001796,1785624014295135051,110033430832295,120650001797,0
/tf,120650001797,1785624014300030130,110033435727355,120650001797,0
/localization/kinematic_state,120650001797,1785624014300289940,110033435986997,120650001797,0
/sensing/lidar/top/pointcloud_raw_ex,120650001797,1785624014303090420,110033438788117,120650001797,114524
/tf,120700001798,1785624014338805571,110033474503080,120700001798,0
/localization/kinematic_state,120700001798,1785624014338939719,110033474636649,120700001798,0
/sensing/lidar/top/pointcloud_raw_ex,120700001798,1785624014351560413,110033487258312,120700001798,107084
/localization/kinematic_state,120750001799,1785624014390608922,110033526306241,120750001799,0
/tf,120750001799,1785624014392077030,110033527774106,120750001799,0
/sensing/lidar/top/pointcloud_raw_ex,120750001799,1785624014399559233,110033535257172,120750001799,114172
/localization/kinematic_state,120800001800,1785624014443955186,110033579652562,120800001800,0
/tf,120800001800,1785624014443991329,110033579688187,120800001800,0
/sensing/lidar/top/pointcloud_raw_ex,120800001800,1785624014450116998,110033585814537,120800001800,106764
/localization/kinematic_state,120850001800,1785624014496580131,110033632277580,120850001800,0
/tf,120850001800,1785624014496603044,110033632299882,120850001800,0
/sensing/lidar/top/pointcloud_raw_ex,120850001800,1785624014500793202,110033636490989,120850001800,116940
/localization/pose_estimator/pose_with_covariance,120800001800,1785624014541533689,110033677230998,120900001801,0
/localization/kinematic_state,120900001801,1785624014545098078,110033680795281,120900001801,0
/tf,120900001801,1785624014548648305,110033684345708,120900001801,0
/sensing/lidar/top/pointcloud_raw_ex,120900001801,1785624014556800826,110033692498646,120900001801,105676
/localization/kinematic_state,120950001802,1785624014593271988,110033728969206,120950001802,0
/sensing/lidar/top/pointcloud_raw_ex,120950001802,1785624014602431094,110033738129139,120950001802,114412
/tf,120950001802,1785624014602669127,110033738366393,120950001802,0
/tf,121000001803,1785624014639770757,110033775468010,121000001803,0
/localization/kinematic_state,121000001803,1785624014640801131,110033776498140,121000001803,0
/sensing/lidar/top/pointcloud_raw_ex,121000001803,1785624014649474797,110033785172396,121000001803,105932
/localization/kinematic_state,121050001803,1785624014693827964,110033829525261,121050001803,0
/tf,121050001803,1785624014694258631,110033829955592,121050001803,0
/sensing/lidar/top/pointcloud_raw_ex,121050001803,1785624014704409673,110033840107531,121050001803,114924
/localization/kinematic_state,121100001804,1785624014740043469,110033875740556,121100001804,0
/tf,121100001804,1785624014747490796,110033883188029,121100001804,0
/sensing/lidar/top/pointcloud_raw_ex,121100001804,1785624014750226809,110033885924244,121100001804,106700
/tf,121150001805,1785624014793965867,110033929663201,121150001805,0
/localization/kinematic_state,121150001805,1785624014794279073,110033929976135,121150001805,0
/sensing/lidar/top/pointcloud_raw_ex,121150001805,1785624014806408302,110033942105953,121150001805,114604
/localization/kinematic_state,121200001806,1785624014850572265,110033986269467,121200001806,0
/tf,121200001806,1785624014853489982,110033989187046,121200001806,0
/sensing/lidar/top/pointcloud_raw_ex,121200001806,1785624014854856953,110033990554283,121200001806,105900
/localization/kinematic_state,121250001806,1785624014894830337,110034030527517,121250001806,0
/tf,121250001806,1785624014896071281,110034031768400,121250001806,0
/sensing/lidar/top/pointcloud_raw_ex,121250001806,1785624014904107700,110034039805196,121250001806,113724
/control/command/control_cmd,121250001806,1785624014904299004,110034039995943,121250001806,80
/localization/kinematic_state,121300001807,1785624014944231683,110034079929081,121300001807,0
/tf,121300001807,1785624014945095151,110034080792184,121300001807,0
/sensing/lidar/top/pointcloud_raw_ex,121300001807,1785624014953148509,110034088845977,121300001807,106636
/localization/kinematic_state,121350001808,1785624014995457884,110034131155017,121350001808,0
/tf,121350001808,1785624014996254520,110034131951489,121350001808,0
/sensing/lidar/top/pointcloud_raw_ex,121350001808,1785624015004453832,110034140151549,121350001808,115084
/localization/kinematic_state,121400001809,1785624015042690488,110034178387612,121400001809,0
/tf,121400001809,1785624015043771065,110034179468166,121400001809,0
/localization/pose_estimator/pose_with_covariance,121350001808,1785624015043912108,110034179608988,121400001809,0
/sensing/lidar/top/pointcloud_raw_ex,121400001809,1785624015053945378,110034189642921,121400001809,108220
/tf,121450001809,1785624015092337318,110034228034496,121450001809,0
/localization/kinematic_state,121450001809,1785624015092671823,110034228368722,121450001809,0
/sensing/lidar/top/pointcloud_raw_ex,121450001809,1785624015106327492,110034242025287,121450001809,114540
/control/command/control_cmd,121250001806,1785624015110959334,110034246656906,121450001809,80
/control/command/control_cmd,121250001806,1785624015143780436,110034279478015,121500001810,80
/localization/kinematic_state,121500001810,1785624015148180775,110034283878105,121500001810,0
/tf,121500001810,1785624015149338002,110034285035250,121500001810,0
/sensing/lidar/top/pointcloud_raw_ex,121500001810,1785624015156795347,110034292492873,121500001810,107436
/localization/kinematic_state,121550001811,1785624015193229136,110034328926326,121550001811,0
/tf,121550001811,1785624015194003748,110034329700862,121550001811,0
/sensing/lidar/top/pointcloud_raw_ex,121550001811,1785624015204604572,110034340302156,121550001811,114988
/tf,121600001811,1785624015255090298,110034390787515,121600001811,0
/localization/kinematic_state,121600001811,1785624015255564073,110034391261136,121600001811,0
/sensing/lidar/top/pointcloud_raw_ex,121600001811,1785624015255801645,110034391498843,121600001811,107020
/tf,121650001812,1785624015299831241,110034435528583,121650001812,0
/localization/kinematic_state,121650001812,1785624015300231281,110034435928270,121650001812,0
/sensing/lidar/top/pointcloud_raw_ex,121650001812,1785624015305505003,110034441202589,121650001812,114476
/tf,121700001813,1785624015353993601,110034489690970,121700001813,0
/localization/kinematic_state,121700001813,1785624015354274431,110034489971461,121700001813,0
/sensing/lidar/top/pointcloud_raw_ex,121700001813,1785624015356704643,110034492402433,121700001813,107132
/tf,121750001814,1785624015399120146,110034534817355,121750001814,0
/localization/kinematic_state,121750001814,1785624015399427438,110034535124402,121750001814,0
/sensing/lidar/top/pointcloud_raw_ex,121750001814,1785624015405403463,110034541100943,121750001814,114700
/localization/pose_estimator/pose_with_covariance,121700001813,1785624015405893342,110034541590684,121750001814,0
/tf,121800001814,1785624015450651679,110034586349007,121800001814,0
/localization/kinematic_state,121800001814,1785624015450910393,110034586607414,121800001814,0
/sensing/lidar/top/pointcloud_raw_ex,121800001814,1785624015455332293,110034591029932,121800001814,105692
/tf,121850001815,1785624015493070797,110034628768030,121850001815,0
/localization/kinematic_state,121850001815,1785624015493590964,110034629288092,121850001815,0
/sensing/lidar/top/pointcloud_raw_ex,121850001815,1785624015504116345,110034639813991,121850001815,114540
/localization/kinematic_state,121900001816,1785624015547217734,110034682915404,121900001816,0
/tf,121900001816,1785624015547520341,110034683217650,121900001816,0
/sensing/lidar/top/pointcloud_raw_ex,121900001816,1785624015554695930,110034690393659,121900001816,106412
/tf,121950001817,1785624015593591539,110034729288748,121950001817,0
/localization/kinematic_state,121950001817,1785624015594226042,110034729923115,121950001817,0
/sensing/lidar/top/pointcloud_raw_ex,121950001817,1785624015607286053,110034742983840,121950001817,113420
/tf,122000001817,1785624015653497099,110034789194686,122000001817,0
/localization/kinematic_state,122000001817,1785624015653714439,110034789411469,122000001817,0
/sensing/lidar/top/pointcloud_raw_ex,122000001817,1785624015656887373,110034792584817,122000001817,105772
/localization/kinematic_state,122050001818,1785624015700297473,110034835994779,122050001818,0
/tf,122050001818,1785624015700324496,110034836021375,122050001818,0
/sensing/lidar/top/pointcloud_raw_ex,122050001818,1785624015704682838,110034840380551,122050001818,114684
/tf,122100001819,1785624015744875287,110034880572679,122100001819,0
/localization/kinematic_state,122100001819,1785624015744941147,110034880638080,122100001819,0
/sensing/lidar/top/pointcloud_raw_ex,122100001819,1785624015755344104,110034891041681,122100001819,106172
/tf,122150001820,1785624015794024346,110034929721594,122150001820,0
/localization/kinematic_state,122150001820,1785624015794112295,110034929809186,122150001820,0
/sensing/lidar/top/pointcloud_raw_ex,122150001820,1785624015804596476,110034940294224,122150001820,114380
/localization/pose_estimator/pose_with_covariance,122150001820,1785624015835262732,110034970959949,122150001820,0
/tf,122200001820,1785624015844424647,110034980121856,122200001820,0
/localization/kinematic_state,122200001820,1785624015844467155,110034980163997,122200001820,0
/sensing/lidar/top/pointcloud_raw_ex,122200001820,1785624015854255251,110034989952781,122200001820,106812
/localization/kinematic_state,122250001821,1785624015894373905,110035030071087,122250001821,0
/tf,122250001821,1785624015896385672,110035032083023,122250001821,0
/sensing/lidar/top/pointcloud_raw_ex,122250001821,1785624015904143206,110035039840760,122250001821,112284
/control/command/control_cmd,122250001821,1785624015909370773,110035045068345,122250001821,80
/tf,122300001822,1785624015950573930,110035086271156,122300001822,0
/localization/kinematic_state,122300001822,1785624015951937079,110035087634246,122300001822,0
/sensing/lidar/top/pointcloud_raw_ex,122300001822,1785624015957760620,110035093458011,122300001822,107004
/control/command/control_cmd,122300001822,1785624015961679813,110035097377574,122300001822,80
/tf,122350001823,1785624015995748451,110035131445702,122350001823,0
/localization/kinematic_state,122350001823,1785624016001375121,110035137072242,122350001823,0
/sensing/lidar/top/pointcloud_raw_ex,122350001823,1785624016008142702,110035143840386,122350001823,115708
/tf,122400001823,1785624016045657986,110035181355406,122400001823,0
/localization/kinematic_state,122400001823,1785624016045840487,110035181537430,122400001823,0
/sensing/lidar/top/pointcloud_raw_ex,122400001823,1785624016057256399,110035192953924,122400001823,106988
/localization/kinematic_state,122450001824,1785624016102449931,110035238147197,122450001824,0
/tf,122450001824,1785624016102721352,110035238418378,122450001824,0
/sensing/lidar/top/pointcloud_raw_ex,122450001824,1785624016110078453,110035245776097,122450001824,115260
/localization/kinematic_state,122500001825,1785624016154326457,110035290023819,122500001825,0
/tf,122500001825,1785624016155785301,110035291482541,122500001825,0
/sensing/lidar/top/pointcloud_raw_ex,122500001825,1785624016156989759,110035292687206,122500001825,107276
/tf,122550001826,1785624016197729123,110035333426426,122550001826,0
/localization/kinematic_state,122550001826,1785624016198042756,110035333739998,122550001826,0
/sensing/lidar/top/pointcloud_raw_ex,122550001826,1785624016207186871,110035342884689,122550001826,115468
/localization/pose_estimator/pose_with_covariance,122550001826,1785624016234890744,110035370587949,122550001826,0
/tf,122600001826,1785624016247907177,110035383604553,122600001826,0
/localization/kinematic_state,122600001826,1785624016248282494,110035383979714,122600001826,0
/sensing/lidar/top/pointcloud_raw_ex,122600001826,1785624016258313167,110035394010831,122600001826,105804
/sensing/lidar/top/pointcloud_raw_ex,122650001827,1785624016312317127,110035448015067,122650001827,112876
/tf,122650001827,1785624016312401954,110035448098922,122650001827,0
/localization/kinematic_state,122650001827,1785624016313181057,110035448878081,122650001827,0
/localization/kinematic_state,122700001828,1785624016357550044,110035493247270,122700001828,0
/tf,122700001828,1785624016363028646,110035498725831,122700001828,0
/localization/pose_estimator/pose_with_covariance,122650001827,1785624016364994874,110035500692032,122700001828,0
/sensing/lidar/top/pointcloud_raw_ex,122700001828,1785624016365318169,110035501015112,122700001828,106348
/localization/kinematic_state,122750001829,1785624016399892563,110035535589548,122750001829,0
/tf,122750001829,1785624016407163213,110035542860408,122750001829,0
/sensing/lidar/top/pointcloud_raw_ex,122750001829,1785624016412371479,110035548068833,122750001829,114732
/tf,122800001829,1785624016450210506,110035585907749,122800001829,0
/localization/kinematic_state,122800001829,1785624016450251901,110035585948711,122800001829,0
/sensing/lidar/top/pointcloud_raw_ex,122800001829,1785624016458284824,110035593982152,122800001829,107548
/localization/kinematic_state,122850001830,1785624016503268886,110035638966257,122850001830,0
/tf,122850001830,1785624016507234246,110035642931546,122850001830,0
/sensing/lidar/top/pointcloud_raw_ex,122850001830,1785624016509698710,110035645396195,122850001830,114812
/localization/pose_estimator/pose_with_covariance,122850001830,1785624016549031334,110035684728938,122900001831,0
/localization/kinematic_state,122900001831,1785624016551477469,110035687174815,122900001831,0
/tf,122900001831,1785624016555553119,110035691250396,122900001831,0
/sensing/lidar/top/pointcloud_raw_ex,122900001831,1785624016562071052,110035697768874,122900001831,107164
/localization/kinematic_state,122950001832,1785624016607552021,110035743249130,122950001832,0
/tf,122950001832,1785624016610899347,110035746596564,122950001832,0
/sensing/lidar/top/pointcloud_raw_ex,122950001832,1785624016611432362,110035747129354,122950001832,113692
/localization/kinematic_state,123000001832,1785624016651694448,110035787391857,123000001832,0
/tf,123000001832,1785624016653172395,110035788869572,123000001832,0
/sensing/lidar/top/pointcloud_raw_ex,123000001832,1785624016661874963,110035797572621,123000001832,107948
/localization/kinematic_state,123050001833,1785624016703732644,110035839429880,123050001833,0
/tf,123050001833,1785624016706378021,110035842075258,123050001833,0
/sensing/lidar/top/pointcloud_raw_ex,123050001833,1785624016712424677,110035848122022,123050001833,114796
/tf,123100001834,1785624016755651898,110035891349210,123100001834,0
/localization/kinematic_state,123100001834,1785624016756496386,110035892193440,123100001834,0
/sensing/lidar/top/pointcloud_raw_ex,123100001834,1785624016760784714,110035896482261,123100001834,106604
/tf,123150001835,1785624016799893673,110035935590952,123150001835,0
/localization/kinematic_state,123150001835,1785624016799980927,110035935677821,123150001835,0
/sensing/lidar/top/pointcloud_raw_ex,123150001835,1785624016814229880,110035949927298,123150001835,114700
/localization/pose_estimator/pose_with_covariance,123050001833,1785624016829224801,110035964921958,123150001835,0
/localization/kinematic_state,123200001835,1785624016852632056,110035988329565,123200001835,0
/tf,123200001835,1785624016852984659,110035988681849,123200001835,0
/sensing/lidar/top/pointcloud_raw_ex,123200001835,1785624016862779529,110035998477280,123200001835,106236
/localization/pose_estimator/pose_with_covariance,123200001835,1785624016895037769,110036030735120,123200001835,0
/localization/kinematic_state,123250001836,1785624016901845218,110036037542416,123250001836,0
/tf,123250001836,1785624016903469710,110036039219780,123250001836,0
/sensing/lidar/top/pointcloud_raw_ex,123250001836,1785624016912386380,110036048083852,123250001836,114508
/localization/kinematic_state,123300001837,1785624016959726472,110036095423737,123300001837,0
/tf,123300001837,1785624016961344978,110036097041986,123300001837,0
/sensing/lidar/top/pointcloud_raw_ex,123300001837,1785624016962989041,110036098686712,123300001837,105660
/tf,123350001838,1785624017001853831,110036137551217,123350001838,0
/localization/kinematic_state,123350001838,1785624017002086038,110036137782984,123350001838,0
/sensing/lidar/top/pointcloud_raw_ex,123350001838,1785624017014198627,110036149896334,123350001838,115468
/localization/kinematic_state,123400001838,1785624017054621082,110036190318261,123400001838,0
/tf,123400001838,1785624017054644639,110036190341503,123400001838,0
/sensing/lidar/top/pointcloud_raw_ex,123400001838,1785624017062596785,110036198294632,123400001838,106220
/tf,123450001839,1785624017105737010,110036241434305,123450001839,0
/localization/kinematic_state,123450001839,1785624017105785016,110036241481901,123450001839,0
/sensing/lidar/top/pointcloud_raw_ex,123450001839,1785624017115493821,110036251191592,123450001839,116108
/tf,123500001840,1785624017153522990,110036289220327,123500001840,0
/localization/kinematic_state,123500001840,1785624017153841282,110036289538278,123500001840,0
/sensing/lidar/top/pointcloud_raw_ex,123500001840,1785624017162025882,110036297723462,123500001840,105340
/tf,123550001841,1785624017200122763,110036335819919,123550001841,0
/localization/kinematic_state,123550001841,1785624017200464232,110036336161385,123550001841,0
/sensing/lidar/top/pointcloud_raw_ex,123550001841,1785624017211914929,110036347612882,123550001841,114108
/tf,123600001841,1785624017250057889,110036385755138,123600001841,0
/localization/kinematic_state,123600001841,1785624017250663859,110036386360863,123600001841,0
/sensing/lidar/top/pointcloud_raw_ex,123600001841,1785624017265318323,110036401016226,123600001841,105932
/localization/pose_estimator/pose_with_covariance,123550001841,1785624017284435185,110036420132422,123600001841,0
/localization/kinematic_state,123650001842,1785624017312958180,110036448655463,123650001842,0
/tf,123650001842,1785624017313394169,110036449091206,123650001842,0
/sensing/lidar/top/pointcloud_raw_ex,123650001842,1785624017315794845,110036451492396,123650001842,113916
/localization/pose_estimator/pose_with_covariance,123600001841,1785624017323832858,110036459530121,123650001842,0
/tf,123700001843,1785624017357974706,110036493672003,123700001843,0
/localization/kinematic_state,123700001843,1785624017358325968,110036494022970,123700001843,0
/sensing/lidar/top/pointcloud_raw_ex,123700001843,1785624017364195551,110036499893359,123700001843,106828
/localization/kinematic_state,123750001844,1785624017409903011,110036545600438,123750001844,0
/tf,123750001844,1785624017412369299,110036548066411,123750001844,0
/sensing/lidar/top/pointcloud_raw_ex,123750001844,1785624017415298775,110036550996502,123750001844,115932
/localization/kinematic_state,123800001844,1785624017462377748,110036598075127,123800001844,0
/tf,123800001844,1785624017462401974,110036598098818,123800001844,0
/sensing/lidar/top/pointcloud_raw_ex,123800001844,1785624017467202092,110036602899732,123800001844,107164
/control/command/control_cmd,123800001844,1785624017474050407,110036609747950,123800001844,80
/tf,123850001845,1785624017501652642,110036637350104,123850001845,0
/localization/kinematic_state,123850001845,1785624017501864447,110036637561511,123850001845,0
/sensing/lidar/top/pointcloud_raw_ex,123850001845,1785624017515814568,110036651512367,123850001845,113564
/localization/kinematic_state,123900001846,1785624017558831239,110036694528591,123900001846,0
/tf,123900001846,1785624017559745473,110036695442458,123900001846,0
/sensing/lidar/top/pointcloud_raw_ex,123900001846,1785624017563293841,110036698991614,123900001846,107372
/localization/pose_estimator/pose_with_covariance,123850001845,1785624017579937481,110036715634617,123900001846,0
/localization/kinematic_state,123950001846,1785624017610650572,110036746347809,123950001846,0
/tf,123950001846,1785624017610910007,110036746606947,123950001846,0
/sensing/lidar/top/pointcloud_raw_ex,123950001846,1785624017612895908,110036748593491,123950001846,114956
/localization/pose_estimator/pose_with_covariance,123900001846,1785624017643092361,110036778789598,123950001846,0
/localization/kinematic_state,124000001847,1785624017654038637,110036789735777,124000001847,0
/tf,124000001847,1785624017654743904,110036790440843,124000001847,0
/sensing/lidar/top/pointcloud_raw_ex,124000001847,1785624017660879574,110036796577020,124000001847,104588
/localization/kinematic_state,124050001848,1785624017704502151,110036840199516,124050001848,0
/tf,124050001848,1785624017708320685,110036844018008,124050001848,0
/sensing/lidar/top/pointcloud_raw_ex,124050001848,1785624017714613145,110036850310644,124050001848,114220
/tf,124100001849,1785624017755079069,110036890776297,124100001849,0
/localization/kinematic_state,124100001849,1785624017755477276,110036891174247,124100001849,0
/sensing/lidar/top/pointcloud_raw_ex,124100001849,1785624017765399011,110036901096606,124100001849,105836
/localization/kinematic_state,124150001849,1785624017806142248,110036941839408,124150001849,0
/tf,124150001849,1785624017809058718,110036944756023,124150001849,0
/sensing/lidar/top/pointcloud_raw_ex,124150001849,1785624017815669275,110036951366983,124150001849,113788
/localization/kinematic_state,124200001850,1785624017859380949,110036995078281,124200001850,0
/tf,124200001850,1785624017859404190,110036995101146,124200001850,0
/sensing/lidar/top/pointcloud_raw_ex,124200001850,1785624017864681080,110037000378756,124200001850,105516
/localization/pose_estimator/pose_with_covariance,124150001849,1785624017893647193,110037029344450,124200001850,0
/tf,124250001851,1785624017909655910,110037045352962,124250001851,0
/localization/kinematic_state,124250001851,1785624017909778246,110037045475125,124250001851,0
/sensing/lidar/top/pointcloud_raw_ex,124250001851,1785624017916341438,110037052039022,124250001851,114588
/localization/pose_estimator/pose_with_covariance,124200001850,1785624017929115612,110037064812865,124250001851,0
/localization/kinematic_state,124300001852,1785624017955832477,110037091529776,124300001852,0
/tf,124300001852,1785624017961564694,110037097262100,124300001852,0
/sensing/lidar/top/pointcloud_raw_ex,124300001852,1785624017963391906,110037099089177,124300001852,106060
/localization/kinematic_state,124350001852,1785624018007939165,110037143636309,124350001852,0
/tf,124350001852,1785624018010775122,110037146472297,124350001852,0
/sensing/lidar/top/pointcloud_raw_ex,124350001852,1785624018018756461,110037154453823,124350001852,115180
/localization/pose_estimator/pose_with_covariance,124250001851,1785624018051379094,110037187076373,124350001852,0
/localization/kinematic_state,124400001853,1785624018055196654,110037190893863,124400001853,0
/tf,124400001853,1785624018055924724,110037191621856,124400001853,0
/sensing/lidar/top/pointcloud_raw_ex,124400001853,1785624018065828657,110037201526412,124400001853,104140
/control/command/control_cmd,124400001853,1785624018103333235,110037239030814,124450001854,80
/localization/kinematic_state,124450001854,1785624018105512355,110037241209553,124450001854,0
/tf,124450001854,1785624018107182199,110037242879495,124450001854,0
/sensing/lidar/top/pointcloud_raw_ex,124450001854,1785624018118244612,110037253942364,124450001854,114092
/tf,124500001855,1785624018154120942,110037289818362,124500001855,0
/localization/kinematic_state,124500001855,1785624018154228801,110037289925859,124500001855,0
/sensing/lidar/top/pointcloud_raw_ex,124500001855,1785624018166572859,110037302270577,124500001855,106860
/localization/kinematic_state,124550001855,1785624018206753392,110037342450706,124550001855,0
/tf,124550001855,1785624018206776863,110037342473712,124550001855,0
/sensing/lidar/top/pointcloud_raw_ex,124550001855,1785624018217090446,110037352788051,124550001855,114364
/tf,124600001856,1785624018254036310,110037389733573,124600001856,0
/localization/kinematic_state,124600001856,1785624018254322368,110037390019451,124600001856,0
/sensing/lidar/top/pointcloud_raw_ex,124600001856,1785624018264825881,110037400523808,124600001856,106540
/tf,124650001857,1785624018304626210,110037440323631,124650001857,0
/localization/kinematic_state,124650001857,1785624018305020226,110037440717247,124650001857,0
/sensing/lidar/top/pointcloud_raw_ex,124650001857,1785624018316966242,110037452663933,124650001857,116172
/localization/kinematic_state,124700001858,1785624018360080615,110037495777911,124700001858,0
/tf,124700001858,1785624018365895653,110037501593307,124700001858,0
/sensing/lidar/top/pointcloud_raw_ex,124700001858,1785624018367780974,110037503478847,124700001858,106572
/localization/pose_estimator/pose_with_covariance,124700001858,1785624018410379740,110037546077103,124750001858,0
/sensing/lidar/top/pointcloud_raw_ex,124750001858,1785624018417369850,110037553067669,124750001858,116028
/tf,124800001859,1785624018454794725,110037590491978,124800001859,0
/localization/kinematic_state,124800001859,1785624018454867101,110037590564040,124800001859,0
/sensing/lidar/top/pointcloud_raw_ex,124800001859,1785624018467145191,110037602842793,124800001859,107100
/localization/kinematic_state,124850001860,1785624018517281952,110037652979330,124850001860,0
/tf,124850001860,1785624018517553621,110037653250612,124850001860,0
/sensing/lidar/top/pointcloud_raw_ex,124850001860,1785624018517615614,110037653312527,124850001860,113036
/localization/pose_estimator/pose_with_covariance,124800001859,1785624018545615228,110037681312717,124850001860,0
/sensing/lidar/top/pointcloud_raw_ex,124900001861,1785624018566130795,110037701828220,124900001861,106348
/tf,124900001861,1785624018570957311,110037706654544,124900001861,0
/localization/kinematic_state,124900001861,1785624018571091486,110037706788400,124900001861,0
/tf,124950001861,1785624018606309796,110037742007127,124950001861,0
/localization/kinematic_state,124950001861,1785624018606352393,110037742049242,124950001861,0
/sensing/lidar/top/pointcloud_raw_ex,124950001861,1785624018617614102,110037753311603,124950001861,113996
/localization/kinematic_state,125000001862,1785624018666402648,110037802099801,125000001862,0
/localization/pose_estimator/pose_with_covariance,124950001861,1785624018667111470,110037802808538,125000001862,0
/tf,125000001862,1785624018667796460,110037803493439,125000001862,0
/sensing/lidar/top/pointcloud_raw_ex,125000001862,1785624018667986886,110037803683828,125000001862,105676
/localization/kinematic_state,125050001863,1785624018707612100,110037843309217,125050001863,0
/tf,125050001863,1785624018707984669,110037843681668,125050001863,0
/sensing/lidar/top/pointcloud_raw_ex,125050001863,1785624018718100991,110037853798750,125050001863,114812
/tf,125100001864,1785624018755808485,110037891505885,125100001864,0
/localization/kinematic_state,125100001864,1785624018755850078,110037891546915,125100001864,0
/sensing/lidar/top/pointcloud_raw_ex,125100001864,1785624018768053066,110037903750769,125100001864,107580
/localization/pose_estimator/pose_with_covariance,125050001863,1785624018788694919,110037924392110,125100001864,0
/localization/kinematic_state,125150001864,1785624018808800925,110037944498148,125150001864,0
/tf,125150001864,1785624018808966928,110037944663818,125150001864,0
/sensing/lidar/top/pointcloud_raw_ex,125150001864,1785624018818001100,110037953698766,125150001864,114940
/localization/kinematic_state,125200001865,1785624018860938110,110037996635349,125200001865,0
/tf,125200001865,1785624018861046311,110037996743349,125200001865,0
/sensing/lidar/top/pointcloud_raw_ex,125200001865,1785624018870973183,110038006670884,125200001865,106236
/tf,125250001866,1785624018908882728,110038044579979,125250001866,0
/localization/kinematic_state,125250001866,1785624018909057490,110038044754605,125250001866,0
/sensing/lidar/top/pointcloud_raw_ex,125250001866,1785624018918146288,110038053843692,125250001866,113244
/localization/kinematic_state,125300001867,1785624018958810888,110038094508083,125300001867,0
/tf,125300001867,1785624018960629972,110038096327197,125300001867,0
/sensing/lidar/top/pointcloud_raw_ex,125300001867,1785624018967238904,110038102936451,125300001867,108092
/localization/kinematic_state,125350001867,1785624019006445758,110038142142977,125350001867,0
/tf,125350001867,1785624019008931758,110038144628942,125350001867,0
/sensing/lidar/top/pointcloud_raw_ex,125350001867,1785624019017935222,110038153632960,125350001867,112860
/tf,125400001868,1785624019056595463,110038192292718,125400001868,0
/localization/kinematic_state,125400001868,1785624019057131973,110038192829019,125400001868,0
/localization/pose_estimator/pose_with_covariance,125350001867,1785624019061924512,110038197621696,125400001868,0
/sensing/lidar/top/pointcloud_raw_ex,125400001868,1785624019069035017,110038204732599,125400001868,107132
/localization/kinematic_state,125450001869,1785624019109411807,110038245109136,125450001869,0
/tf,125450001869,1785624019109837067,110038245534378,125450001869,0
/sensing/lidar/top/pointcloud_raw_ex,125450001869,1785624019118272226,110038253969932,125450001869,113788
/sensing/lidar/top/pointcloud_raw_ex,125500001870,1785624019168961230,110038304658927,125500001870,107212
/tf,125500001870,1785624019178937827,110038314635316,125500001870,0
/localization/kinematic_state,125500001870,1785624019179031250,110038314728273,125500001870,0
/tf,125550001870,1785624019211911008,110038347608618,125550001870,0
/localization/kinematic_state,125550001870,1785624019212357923,110038348054915,125550001870,0
/sensing/lidar/top/pointcloud_raw_ex,125550001870,1785624019220756992,110038356454625,125550001870,114396
/sensing/lidar/top/pointcloud_raw_ex,125600001871,1785624019267312128,110038403010032,125600001871,104812
/localization/kinematic_state,125600001871,1785624019270466007,110038406163206,125600001871,0
/tf,125600001871,1785624019272624218,110038408321663,125600001871,0
/tf,125650001872,1785624019318027835,110038453725162,125650001872,0
/localization/kinematic_state,125650001872,1785624019318206835,110038453903889,125650001872,0
/sensing/lidar/top/pointcloud_raw_ex,125650001872,1785624019321188343,110038456886058,125650001872,115788
/localization/pose_estimator/pose_with_covariance,125600001871,1785624019354002440,110038489699790,125650001872,0
/sensing/lidar/top/pointcloud_raw_ex,125700001873,1785624019370111467,110038505809139,125700001873,105980
/tf,125700001873,1785624019373836498,110038509533994,125700001873,0
/localization/kinematic_state,125700001873,1785624019376077224,110038511774515,125700001873,0
/localization/kinematic_state,125750001873,1785624019412359973,110038548056984,125750001873,0
/tf,125750001873,1785624019412381754,110038548078584,125750001873,0
/sensing/lidar/top/pointcloud_raw_ex,125750001873,1785624019423350398,110038559047872,125750001873,115212
/tf,125800001874,1785624019467452582,110038603149835,125800001874,0
/localization/kinematic_state,125800001874,1785624019467785301,110038603482232,125800001874,0
/sensing/lidar/top/pointcloud_raw_ex,125800001874,1785624019470481684,110038606179263,125800001874,106076
/localization/kinematic_state,125850001875,1785624019513160145,110038648857391,125850001875,0
/tf,125850001875,1785624019516230828,110038651928044,125850001875,0
/sensing/lidar/top/pointcloud_raw_ex,125850001875,1785624019522061992,110038657759512,125850001875,113772
/sensing/lidar/top/pointcloud_raw_ex,125900001876,1785624019572669498,110038708367435,125900001876,107644
/localization/kinematic_state,125900001876,1785624019573186995,110038708884127,125900001876,0
/tf,125900001876,1785624019574916693,110038710613896,125900001876,0
/tf,125950001876,1785624019609495212,110038745192136,125950001876,0
/localization/kinematic_state,125950001876,1785624019609603899,110038745300820,125950001876,0
/sensing/lidar/top/pointcloud_raw_ex,125950001876,1785624019622574483,110038758272408,125950001876,113548
/localization/kinematic_state,126000001877,1785624019659826461,110038795523686,126000001877,0
/tf,126000001877,1785624019665092399,110038800789647,126000001877,0
/sensing/lidar/top/pointcloud_raw_ex,126000001877,1785624019671505575,110038807203233,126000001877,105692
/tf,126050001878,1785624019717849987,110038853547373,126050001878,0
/localization/kinematic_state,126050001878,1785624019717901320,110038853598189,126050001878,0
/sensing/lidar/top/pointcloud_raw_ex,126050001878,1785624019721981743,110038857679471,126050001878,113484
/localization/kinematic_state,126100001879,1785624019760376632,110038896073849,126100001879,0
/tf,126100001879,1785624019760992351,110038896689481,126100001879,0
/sensing/lidar/top/pointcloud_raw_ex,126100001879,1785624019772510984,110038908208855,126100001879,105964
/localization/kinematic_state,126150001879,1785624019811422560,110038947120011,126150001879,0
/tf,126150001879,1785624019812512282,110038948209600,126150001879,0
/sensing/lidar/top/pointcloud_raw_ex,126150001879,1785624019824087620,110038959785296,126150001879,115452
/tf,126200001880,1785624019865399169,110039001096382,126200001880,0
/localization/kinematic_state,126200001880,1785624019865445921,110039001142777,126200001880,0
/sensing/lidar/top/pointcloud_raw_ex,126200001880,1785624019876211506,110039011909030,126200001880,105660
/localization/kinematic_state,126250001881,1785624019913325729,110039049022922,126250001881,0
/tf,126250001881,1785624019915712767,110039051409981,126250001881,0
/sensing/lidar/top/pointcloud_raw_ex,126250001881,1785624019924276365,110039059974382,126250001881,114700
/localization/kinematic_state,126300001882,1785624019961537602,110039097234782,126300001882,0
/tf,126300001882,1785624019962772109,110039098469313,126300001882,0
/sensing/lidar/top/pointcloud_raw_ex,126300001882,1785624019971860564,110039107558300,126300001882,106460
/localization/kinematic_state,126350001882,1785624020013331853,110039149029243,126350001882,0
/tf,126350001882,1785624020013371821,110039149068656,126350001882,0
/sensing/lidar/top/pointcloud_raw_ex,126350001882,1785624020022880411,110039158578159,126350001882,114236
/localization/pose_estimator/pose_with_covariance,126300001882,1785624020047916941,110039183614292,126350001882,0
/localization/kinematic_state,126400001883,1785624020066262746,110039201959977,126400001883,0
/tf,126400001883,1785624020068099593,110039203796714,126400001883,0
/sensing/lidar/top/pointcloud_raw_ex,126400001883,1785624020077113263,110039212810696,126400001883,107308
/localization/pose_estimator/pose_with_covariance,126350001882,1785624020095677697,110039231374702,126400001883,0
/localization/kinematic_state,126450001884,1785624020114752985,110039250450416,126450001884,0
/tf,126450001884,1785624020114788875,110039250485752,126450001884,0
/sensing/lidar/top/pointcloud_raw_ex,126450001884,1785624020126923406,110039262621091,126450001884,113228
/localization/kinematic_state,126500001884,1785624020176733335,110039312430599,126500001884,0
/sensing/lidar/top/pointcloud_raw_ex,126500001884,1785624020176775665,110039312472656,126500001884,107708
/tf,126500001884,1785624020181418945,110039317116185,126500001884,0
/localization/kinematic_state,126550001885,1785624020218221550,110039353918957,126550001885,0
/tf,126550001885,1785624020218288345,110039353985234,126550001885,0
/sensing/lidar/top/pointcloud_raw_ex,126550001885,1785624020228375933,110039364073732,126550001885,114364
/localization/kinematic_state,126600001886,1785624020266367967,110039402065214,126600001886,0
/tf,126600001886,1785624020266418816,110039402115690,126600001886,0
/sensing/lidar/top/pointcloud_raw_ex,126600001886,1785624020278419780,110039414117538,126600001886,106604
/tf,126650001887,1785624020325680179,110039461377413,126650001887,0
/localization/kinematic_state,126650001887,1785624020326110600,110039461807673,126650001887,0
/sensing/lidar/top/pointcloud_raw_ex,126650001887,1785624020326346320,110039462043407,126650001887,114396
/tf,126700001887,1785624020373155785,110039508853111,126700001887,0
/localization/kinematic_state,126700001887,1785624020373675488,110039509372503,126700001887,0
/sensing/lidar/top/pointcloud_raw_ex,126700001887,1785624020377364981,110039513062654,126700001887,106156
/tf,126750001888,1785624020415271368,110039550968551,126750001888,0
/localization/kinematic_state,126750001888,1785624020415348169,110039551045106,126750001888,0
/sensing/lidar/top/pointcloud_raw_ex,126750001888,1785624020429419132,110039565116831,126750001888,115228
/sensing/lidar/top/pointcloud_raw_ex,126800001889,1785624020475958381,110039611655914,126800001889,105852
/tf,126800001889,1785624020482311054,110039618008244,126800001889,0
/localization/kinematic_state,126800001889,1785624020484669154,110039620366367,126800001889,0
/localization/kinematic_state,126850001890,1785624020525705655,110039661402865,126850001890,0
/tf,126850001890,1785624020525729752,110039661426594,126850001890,0
/sensing/lidar/top/pointcloud_raw_ex,126850001890,1785624020530456056,110039666153698,126850001890,113484
/sensing/lidar/top/pointcloud_raw_ex,126900001890,1785624020576911879,110039712609640,126900001890,107340
/tf,126900001890,1785624020582207505,110039717904823,126900001890,0
/localization/kinematic_state,126900001890,1785624020582437804,110039718134842,126900001890,0
/localization/pose_estimator/pose_with_covariance,126800001889,1785624020583811567,110039719508585,126900001890,0
/sensing/lidar/top/pointcloud_raw_ex,126950001891,1785624020625934657,110039761632263,126950001891,113420
/localization/kinematic_state,126950001891,1785624020628913999,110039764611283,126950001891,0
/tf,126950001891,1785624020628937502,110039764634349,126950001891,0
/tf,127000001892,1785624020673993868,110039809691306,127000001892,0
/localization/kinematic_state,127000001892,1785624020674244884,110039809941871,127000001892,0
/sensing/lidar/top/pointcloud_raw_ex,127000001892,1785624020677101523,110039812798901,127000001892,105516
/localization/kinematic_state,127050001893,1785624020722192303,110039857889517,127050001893,0
/tf,127050001893,1785624020722812117,110039858509178,127050001893,0
/sensing/lidar/top/pointcloud_raw_ex,127050001893,1785624020727977804,110039863675316,127050001893,114924
/tf,127100001893,1785624020765823031,110039901520099,127100001893,0
/localization/kinematic_state,127100001893,1785624020766032904,110039901729825,127100001893,0
/sensing/lidar/top/pointcloud_raw_ex,127100001893,1785624020778732212,110039914429859,127100001893,105036
/localization/pose_estimator/pose_with_covariance,127050001893,1785624020788170348,110039923867555,127100001893,0
/localization/kinematic_state,127150001894,1785624020818270916,110039953968277,127150001894,0
/tf,127150001894,1785624020821233320,110039956930558,127150001894,0
/sensing/lidar/top/pointcloud_raw_ex,127150001894,1785624020830649210,110039966346972,127150001894,114012
/localization/pose_estimator/pose_with_covariance,127100001893,1785624020843578597,110039979275842,127150001894,0
/localization/kinematic_state,127200001895,1785624020867417253,110040003114454,127200001895,0
/tf,127200001895,1785624020868202660,110040003899748,127200001895,0
/sensing/lidar/top/pointcloud_raw_ex,127200001895,1785624020879878183,110040015575664,127200001895,106012
/localization/kinematic_state,127250001896,1785624020922408183,110040058105457,127250001896,0
/tf,127250001896,1785624020923493393,110040059190487,127250001896,0
/sensing/lidar/top/pointcloud_raw_ex,127250001896,1785624020930271325,110040065968996,127250001896,115692
/control/command/control_cmd,127300001896,1785624020967607305,110040103305057,127300001896,80
/localization/kinematic_state,127300001896,1785624020976255107,110040111952412,127300001896,0
/tf,127300001896,1785624020976290416,110040111987259,127300001896,0
/sensing/lidar/top/pointcloud_raw_ex,127300001896,1785624020983746690,110040119444495,127300001896,105948
/localization/pose_estimator/pose_with_covariance,127250001896,1785624021011819598,110040147516922,127300001896,0
/localization/pose_estimator/pose_with_covariance,127300001896,1785624021014828445,110040150525813,127300001896,0
/sensing/lidar/top/pointcloud_raw_ex,127350001897,1785624021030651913,110040166349771,127350001897,114892
/localization/kinematic_state,127350001897,1785624021034018357,110040169715564,127350001897,0
/tf,127350001897,1785624021034956573,110040170653729,127350001897,0
/localization/kinematic_state,127400001898,1785624021070040569,110040205737899,127400001898,0
/tf,127400001898,1785624021072679141,110040208376267,127400001898,0
/sensing/lidar/top/pointcloud_raw_ex,127400001898,1785624021080536065,110040216233945,127400001898,107132
/localization/kinematic_state,127450001899,1785624021122857647,110040258554879,127450001899,0
/tf,127450001899,1785624021123952919,110040259650300,127450001899,0
/sensing/lidar/top/pointcloud_raw_ex,127450001899,1785624021133854785,110040269552261,127450001899,113724
/localization/kinematic_state,127500001899,1785624021174456334,110040310153683,127500001899,0
/tf,127500001899,1785624021175782499,110040311479896,127500001899,0
/sensing/lidar/top/pointcloud_raw_ex,127500001899,1785624021183448985,110040319146654,127500001899,106940
/tf,127550001900,1785624021222195206,110040357892426,127550001900,0
/localization/kinematic_state,127550001900,1785624021223921346,110040359618497,127550001900,0
/sensing/lidar/top/pointcloud_raw_ex,127550001900,1785624021234393690,110040370091475,127550001900,113884
/sensing/lidar/top/pointcloud_raw_ex,127600001901,1785624021283691428,110040419388909,127600001901,107628
/tf,127600001901,1785624021287606715,110040423303954,127600001901,0
/localization/kinematic_state,127600001901,1785624021287796999,110040423493910,127600001901,0
/tf,127650001902,1785624021328573770,110040464271057,127650001902,0
/localization/kinematic_state,127650001902,1785624021328618066,110040464314914,127650001902,0
/sensing/lidar/top/pointcloud_raw_ex,127650001902,1785624021335253477,110040470951019,127650001902,114540
/tf,127700001902,1785624021372963579,110040508661322,127700001902,0
/localization/kinematic_state,127700001902,1785624021374367694,110040510065098,127700001902,0
/sensing/lidar/top/pointcloud_raw_ex,127700001902,1785624021383199967,110040518897823,127700001902,106108
/sensing/lidar/top/pointcloud_raw_ex,127750001903,1785624021434823928,110040570521390,127750001903,114364
/localization/kinematic_state,127750001903,1785624021436606323,110040572303479,127750001903,0
/tf,127750001903,1785624021437910125,110040573607370,127750001903,0
/localization/kinematic_state,127800001904,1785624021471067930,110040606765156,127800001904,0
/tf,127800001904,1785624021471388913,110040607085938,127800001904,0
/sensing/lidar/top/pointcloud_raw_ex,127800001904,1785624021482586648,110040618284253,127800001904,107884
/tf,127850001905,1785624021527740486,110040663437557,127850001905,0
/localization/kinematic_state,127850001905,1785624021528463609,110040664160580,127850001905,0
/sensing/lidar/top/pointcloud_raw_ex,127850001905,1785624021535613738,110040671311388,127850001905,115292
/tf,127900001905,1785624021577517965,110040713215320,127900001905,0
/localization/kinematic_state,127900001905,1785624021577766959,110040713464015,127900001905,0
/sensing/lidar/top/pointcloud_raw_ex,127900001905,1785624021584997373,110040720694963,127900001905,106172
/localization/pose_estimator/pose_with_covariance,127850001905,1785624021628806917,110040764504134,127950001906,0
/sensing/lidar/top/pointcloud_raw_ex,127950001906,1785624021635721396,110040771419160,127950001906,114220
/localization/kinematic_state,127950001906,1785624021636750320,110040772447476,127950001906,0
/tf,127950001906,1785624021637115374,110040772812385,127950001906,0
/localization/pose_estimator/pose_with_covariance,127900001905,1785624021682138406,110040817835645,128000001907,0
/sensing/lidar/top/pointcloud_raw_ex,128000001907,1785624021684684774,110040820382572,128000001907,105836
/tf,128000001907,1785624021689371083,110040825068453,128000001907,0
/localization/kinematic_state,128000001907,1785624021689677950,110040825375016,128000001907,0
/localization/kinematic_state,128050001908,1785624021730463048,110040866160396,128050001908,0
/tf,128050001908,1785624021731507000,110040867203966,128050001908,0
/sensing/lidar/top/pointcloud_raw_ex,128050001908,1785624021735019080,110040870716443,128050001908,112860
/localization/pose_estimator/pose_with_covariance,128000001907,1785624021746715456,110040882412563,128050001908,0
/tf,128100001908,1785624021776361432,110040912058912,128100001908,0
/localization/kinematic_state,128100001908,1785624021776401444,110040912098314,128100001908,0
/sensing/lidar/top/pointcloud_raw_ex,128100001908,1785624021782518911,110040918215895,128100001908,106108
/localization/kinematic_state,128150001909,1785624021823816369,110040959513826,128150001909,0
/tf,128150001909,1785624021826216354,110040961913726,128150001909,0
/sensing/lidar/top/pointcloud_raw_ex,128150001909,1785624021832749235,110040968446907,128150001909,114156
/localization/pose_estimator/pose_with_covariance,128050001908,1785624021843962746,110040979660159,128150001909,0
/localization/pose_estimator/pose_with_covariance,128150001909,1785624021865059777,110041000757057,128150001909,0
/tf,128200001910,1785624021874054490,110041009751849,128200001910,0
/localization/kinematic_state,128200001910,1785624021874251137,110041009948231,128200001910,0
/sensing/lidar/top/pointcloud_raw_ex,128200001910,1785624021883600341,110041019298167,128200001910,107404
/tf,128250001911,1785624021925483174,110041061180524,128250001911,0
/localization/kinematic_state,128250001911,1785624021925963401,110041061660446,128250001911,0
/sensing/lidar/top/pointcloud_raw_ex,128250001911,1785624021934242857,110041069940818,128250001911,115292
/tf,128300001911,1785624021973980502,110041109677696,128300001911,0
/localization/kinematic_state,128300001911,1785624021974024910,110041109721787,128300001911,0
/sensing/lidar/top/pointcloud_raw_ex,128300001911,1785624021985374498,110041121072072,128300001911,107004
/localization/kinematic_state,128350001912,1785624022026703749,110041162400970,128350001912,0
/localization/pose_estimator/pose_with_covariance,128250001911,1785624022030448529,110041166145797,128350001912,0
/sensing/lidar/top/pointcloud_raw_ex,128350001912,1785624022034859240,110041170557021,128350001912,115052
/tf,128350001912,1785624022040528615,110041176225903,128350001912,0
/localization/kinematic_state,128400001913,1785624022074676330,110041210373679,128400001913,0
/tf,128400001913,1785624022075778799,110041211476025,128400001913,0
/sensing/lidar/top/pointcloud_raw_ex,128400001913,1785624022086425822,110041222123575,128400001913,106076
/localization/kinematic_state,128450001914,1785624022129077631,110041264774957,128450001914,0
/tf,128450001914,1785624022129580972,110041265278013,128450001914,0
/sensing/lidar/top/pointcloud_raw_ex,128450001914,1785624022135753630,110041271451380,128450001914,114076
/localization/kinematic_state,128500001914,1785624022174986110,110041310683496,128500001914,0
/tf,128500001914,1785624022176037287,110041311734309,128500001914,0
/sensing/lidar/top/pointcloud_raw_ex,128500001914,1785624022196012627,110041331710468,128500001914,107628
/localization/kinematic_state,128550001915,1785624022226657027,110041362354275,128550001915,0
/tf,128550001915,1785624022230120442,110041365817852,128550001915,0
/sensing/lidar/top/pointcloud_raw_ex,128550001915,1785624022243289498,110041378987323,128550001915,114060
/tf,128600001916,1785624022281244355,110041416941618,128600001916,0
/localization/kinematic_state,128600001916,1785624022281681815,110041417378846,128600001916,0
/sensing/lidar/top/pointcloud_raw_ex,128600001916,1785624022288430120,110041424127938,128600001916,106412
/localization/pose_estimator/pose_with_covariance,128500001914,1785624022297362020,110041433059618,128600001916,0
/localization/kinematic_state,128650001917,1785624022328817304,110041464514521,128650001917,0
/tf,128650001917,1785624022331324330,110041467021492,128650001917,0
/sensing/lidar/top/pointcloud_raw_ex,128650001917,1785624022336958670,110041472656492,128650001917,113788
/sensing/lidar/top/pointcloud_raw_ex,128700001917,1785624022385766923,110041521464714,128700001917,106572
/tf,128700001917,1785624022386482556,110041522179900,128700001917,0
/localization/kinematic_state,128700001917,1785624022386801701,110041522498720,128700001917,0
/localization/pose_estimator/pose_with_covariance,128600001916,1785624022412897415,110041548594524,128700001917,0
/tf,128750001918,1785624022426595949,110041562293242,128750001918,0
/localization/kinematic_state,128750001918,1785624022427212804,110041562909891,128750001918,0
/sensing/lidar/top/pointcloud_raw_ex,128750001918,1785624022435842439,110041571540103,128750001918,113772
/tf,128800001919,1785624022476520945,110041612218050,128800001919,0
/localization/kinematic_state,128800001919,1785624022476580797,110041612277631,128800001919,0
/sensing/lidar/top/pointcloud_raw_ex,128800001919,1785624022488574715,110041624272705,128800001919,105612
/localization/kinematic_state,128850001920,1785624022531594058,110041667291298,128850001920,0
/tf,128850001920,1785624022531989742,110041667686731,128850001920,0
/sensing/lidar/top/pointcloud_raw_ex,128850001920,1785624022539016588,110041674714378,128850001920,113468
/tf,128900001920,1785624022574441229,110041710138457,128900001920,0
/localization/kinematic_state,128900001920,1785624022574610391,110041710307442,128900001920,0
/sensing/lidar/top/pointcloud_raw_ex,128900001920,1785624022584372098,110041720069698,128900001920,106124
/localization/pose_estimator/pose_with_covariance,128850001920,1785624022608736343,110041744433910,128900001920,0
/localization/pose_estimator/pose_with_covariance,128900001920,1785624022617707532,110041753404980,128900001920,0
/tf,128950001921,1785624022624127464,110041759824914,128950001921,0
/localization/kinematic_state,128950001921,1785624022624267898,110041759964871,128950001921,0
/sensing/lidar/top/pointcloud_raw_ex,128950001921,1785624022635282761,110041770980338,128950001921,114796
/sensing/lidar/top/pointcloud_raw_ex,129000001922,1785624022686644010,110041822341893,129000001922,108860
/localization/kinematic_state,129000001922,1785624022688440617,110041824137945,129000001922,0
/tf,129000001922,1785624022688887553,110041824584596,129000001922,0
/localization/kinematic_state,129050001922,1785624022728639461,110041864336664,129050001922,0
/tf,129050001922,1785624022736789515,110041872486738,129050001922,0
/sensing/lidar/top/pointcloud_raw_ex,129050001922,1785624022738736645,110041874434117,129050001922,114524
/localization/pose_estimator/pose_with_covariance,129050001922,1785624022757474985,110041893172223,129050001922,0
/tf,129100001923,1785624022776445707,110041912142971,129100001923,0
/localization/kinematic_state,129100001923,1785624022776747367,110041912444287,129100001923,0
/sensing/lidar/top/pointcloud_raw_ex,129100001923,1785624022789451042,110041925148556,129100001923,106716
/control/command/control_cmd,129100001923,1785624022816579653,110041952277187,129100001923,80
/tf,129150001924,1785624022830512311,110041966209556,129150001924,0
/localization/kinematic_state,129150001924,1785624022831147058,110041966844062,129150001924,0
/sensing/lidar/top/pointcloud_raw_ex,129150001924,1785624022838940503,110041974638161,129150001924,115596
/localization/kinematic_state,129200001925,1785624022876017817,110042011715026,129200001925,0
/tf,129200001925,1785624022876091964,110042011788848,129200001925,0
/sensing/lidar/top/pointcloud_raw_ex,129200001925,1785624022886698566,110042022396095,129200001925,107388
/tf,129250001925,1785624022925022498,110042060719660,129250001925,0
/localization/kinematic_state,129250001925,1785624022925141477,110042060838414,129250001925,0
/sensing/lidar/top/pointcloud_raw_ex,129250001925,1785624022937687961,110042073385498,129250001925,113804
/control/command/control_cmd,129250001925,1785624022966092285,110042101789925,129250001925,80
/localization/kinematic_state,129300001926,1785624022976532233,110042112229264,129300001926,0
/tf,129300001926,1785624022976870237,110042112567335,129300001926,0
/sensing/lidar/top/pointcloud_raw_ex,129300001926,1785624022992855759,110042128553452,129300001926,106012
/localization/kinematic_state,129350001927,1785624023026315639,110042162012919,129350001927,0
/tf,129350001927,1785624023027785014,110042163482133,129350001927,0
/sensing/lidar/top/pointcloud_raw_ex,129350001927,1785624023041214570,110042176912312,129350001927,114812
/localization/kinematic_state,129400001928,1785624023077754211,110042213451483,129400001928,0
/tf,129400001928,1785624023078442883,110042214139950,129400001928,0
/sensing/lidar/top/pointcloud_raw_ex,129400001928,1785624023086980892,110042222678441,129400001928,106444
/tf,129450001928,1785624023138401159,110042274098394,129450001928,0
/localization/kinematic_state,129450001928,1785624023138448198,110042274145049,129450001928,0
/sensing/lidar/top/pointcloud_raw_ex,129450001928,1785624023139279559,110042274977041,129450001928,112748
/tf,129500001929,1785624023176318598,110042312015958,129500001929,0
/localization/kinematic_state,129500001929,1785624023176361227,110042312058100,129500001929,0
/localization/pose_estimator/pose_with_covariance,129450001928,1785624023176885575,110042312582702,129500001929,0
/sensing/lidar/top/pointcloud_raw_ex,129500001929,1785624023188385515,110042324083059,129500001929,106492
/tf,129550001930,1785624023232363612,110042368060962,129550001930,0
/localization/kinematic_state,129550001930,1785624023233288176,110042368985464,129550001930,0
/sensing/lidar/top/pointcloud_raw_ex,129550001930,1785624023240256245,110042375953959,129550001930,114764
/tf,129600001931,1785624023275191743,110042410888838,129600001931,0
/localization/kinematic_state,129600001931,1785624023275432634,110042411129760,129600001931,0
/sensing/lidar/top/pointcloud_raw_ex,129600001931,1785624023287821395,110042423519088,129600001931,105724
/localization/kinematic_state,129650001931,1785624023334137431,110042469834776,129650001931,0
/tf,129650001931,1785624023337414906,110042473112305,129650001931,0
/sensing/lidar/top/pointcloud_raw_ex,129650001931,1785624023339365866,110042475063401,129650001931,114668
/localization/kinematic_state,129700001932,1785624023386850402,110042522547587,129700001932,0
/sensing/lidar/top/pointcloud_raw_ex,129700001932,1785624023387420492,110042523117491,129700001932,107148
/tf,129700001932,1785624023395977033,110042531674415,129700001932,0
/localization/kinematic_state,129750001933,1785624023433883425,110042569580766,129750001933,0
/tf,129750001933,1785624023433907756,110042569604601,129750001933,0
/sensing/lidar/top/pointcloud_raw_ex,129750001933,1785624023441193663,110042576891284,129750001933,114364
/localization/kinematic_state,129800001934,1785624023486000130,110042621697505,129800001934,0
/tf,129800001934,1785624023486734937,110042622432300,129800001934,0
/sensing/lidar/top/pointcloud_raw_ex,129800001934,1785624023488534646,110042624232385,129800001934,106684
/tf,129850001934,1785624023526424602,110042662121764,129850001934,0
/localization/kinematic_state,129850001934,1785624023527976405,110042663673481,129850001934,0
/sensing/lidar/top/pointcloud_raw_ex,129850001934,1785624023539117127,110042674814840,129850001934,114236
/tf,129900001935,1785624023588903512,110042724600831,129900001935,0
/localization/kinematic_state,129900001935,1785624023588984173,110042724681064,129900001935,0
/sensing/lidar/top/pointcloud_raw_ex,129900001935,1785624023593320338,110042729018127,129900001935,106300
/sensing/lidar/top/pointcloud_raw_ex,129950001936,1785624023640143744,110042775841611,129950001936,113484
/tf,129950001936,1785624023641012440,110042776709467,129950001936,0
/localization/kinematic_state,129950001936,1785624023641087005,110042776783878,129950001936,0
/sensing/lidar/top/pointcloud_raw_ex,130000001937,1785624023689230041,110042824927919,130000001937,108124
/localization/kinematic_state,130000001937,1785624023691747133,110042827444336,130000001937,0
/tf,130000001937,1785624023692537718,110042828234550,130000001937,0
/localization/kinematic_state,130050001937,1785624023729642933,110042865340131,130050001937,0
/tf,130050001937,1785624023730572216,110042866269209,130050001937,0
/sensing/lidar/top/pointcloud_raw_ex,130050001937,1785624023741433534,110042877131248,130050001937,114860
/localization/kinematic_state,130100001938,1785624023781996745,110042917694100,130100001938,0
/tf,130100001938,1785624023786620630,110042922317858,130100001938,0
/sensing/lidar/top/pointcloud_raw_ex,130100001938,1785624023797136066,110042932833759,130100001938,108172
/localization/kinematic_state,130150001939,1785624023830658950,110042966356159,130150001939,0
/tf,130150001939,1785624023831526192,110042967223209,130150001939,0
/sensing/lidar/top/pointcloud_raw_ex,130150001939,1785624023840951310,110042976649089,130150001939,114332
/tf,130200001940,1785624023878653499,110043014350794,130200001940,0
/localization/kinematic_state,130200001940,1785624023878912785,110043014609772,130200001940,0
/sensing/lidar/top/pointcloud_raw_ex,130200001940,1785624023909132264,110043044830248,130200001940,107196
/tf,130250001940,1785624023928029706,110043063727067,130250001940,0
/localization/kinematic_state,130250001940,1785624023928370364,110043064067408,130250001940,0
/sensing/lidar/top/pointcloud_raw_ex,130250001940,1785624023943091441,110043078789346,130250001940,114460
/localization/pose_estimator/pose_with_covariance,130200001940,1785624023944374753,110043080071920,130250001940,0
/localization/kinematic_state,130300001941,1785624023977288718,110043112985951,130300001941,0
/tf,130300001941,1785624023977656366,110043113353349,130300001941,0
/sensing/lidar/top/pointcloud_raw_ex,130300001941,1785624023989129155,110043124826463,130300001941,106348
/tf,130350001942,1785624024027248111,110043162945196,130350001942,0
/localization/kinematic_state,130350001942,1785624024027358459,110043163055340,130350001942,0
/sensing/lidar/top/pointcloud_raw_ex,130350001942,1785624024039877883,110043175575735,130350001942,113740
/localization/kinematic_state,130400001943,1785624024079470009,110043215167323,130400001943,0
/tf,130400001943,1785624024079493334,110043215190180,130400001943,0
/sensing/lidar/top/pointcloud_raw_ex,130400001943,1785624024087421884,110043223119617,130400001943,107180
/localization/pose_estimator/pose_with_covariance,130350001942,1785624024116665742,110043252362968,130400001943,0
/localization/kinematic_state,130450001943,1785624024134195660,110043269892887,130450001943,0
/tf,130450001943,1785624024137685550,110043273383018,130450001943,0
/sensing/lidar/top/pointcloud_raw_ex,130450001943,1785624024141283663,110043276981109,130450001943,114156
/tf,130500001944,1785624024177634071,110043313331318,130500001944,0
/localization/kinematic_state,130500001944,1785624024177788030,110043313485091,130500001944,0
/sensing/lidar/top/pointcloud_raw_ex,130500001944,1785624024189705809,110043325403333,130500001944,106716
/control/command/control_cmd,130500001944,1785624024225665170,110043361362874,130500001944,80
/tf,130550001945,1785624024234515544,110043370212877,130550001945,0
/localization/kinematic_state,130550001945,1785624024234841226,110043370538168,130550001945,0
/sensing/lidar/top/pointcloud_raw_ex,130550001945,1785624024242143486,110043377841003,130550001945,113132
/sensing/lidar/top/pointcloud_raw_ex,130600001946,1785624024288218738,110043423916616,130600001946,106492
/localization/kinematic_state,130600001946,1785624024290373701,110043426070913,130600001946,0
/tf,130600001946,1785624024292000130,110043427697146,130600001946,0
/tf,130650001946,1785624024332157505,110043467854884,130650001946,0
/localization/kinematic_state,130650001946,1785624024332200625,110043467897494,130650001946,0
/sensing/lidar/top/pointcloud_raw_ex,130650001946,1785624024341012916,110043476710724,130650001946,114812
/localization/pose_estimator/pose_with_covariance,130600001946,1785624024342476947,110043478174020,130650001946,0
/localization/kinematic_state,130700001947,1785624024388107381,110043523804625,130700001947,0
/tf,130700001947,1785624024388130731,110043523827558,130700001947,0
/sensing/lidar/top/pointcloud_raw_ex,130700001947,1785624024390603485,110043526300942,130700001947,106172
/localization/kinematic_state,130750001948,1785624024429559743,110043565257015,130750001948,0
/tf,130750001948,1785624024433145346,110043568842541,130750001948,0
/sensing/lidar/top/pointcloud_raw_ex,130750001948,1785624024439462104,110043575159735,130750001948,114572
/tf,130800001949,1785624024486883501,110043622580820,130800001949,0
/localization/kinematic_state,130800001949,1785624024486955151,110043622652104,130800001949,0
/sensing/lidar/top/pointcloud_raw_ex,130800001949,1785624024493776278,110043629473865,130800001949,107468
/tf,130850001949,1785624024530050987,110043665748258,130850001949,0
/localization/kinematic_state,130850001949,1785624024530900607,110043666597719,130850001949,0
/sensing/lidar/top/pointcloud_raw_ex,130850001949,1785624024542554707,110043678252489,130850001949,114588
/localization/kinematic_state,130900001950,1785624024581411341,110043717108711,130900001950,0
/tf,130900001950,1785624024581434219,110043717131064,130900001950,0
/sensing/lidar/top/pointcloud_raw_ex,130900001950,1785624024599728547,110043735426142,130900001950,106012
/localization/kinematic_state,130950001951,1785624024632137144,110043767834645,130950001951,0
/tf,130950001951,1785624024636801089,110043772498291,130950001951,0
/sensing/lidar/top/pointcloud_raw_ex,130950001951,1785624024644232342,110043779930088,130950001951,114748
/localization/kinematic_state,131000001952,1785624024687199669,110043822896921,131000001952,0
/tf,131000001952,1785624024689200885,110043824898067,131000001952,0
/sensing/lidar/top/pointcloud_raw_ex,131000001952,1785624024695568661,110043831266198,131000001952,107052
/sensing/lidar/top/pointcloud_raw_ex,131050001952,1785624024745965061,110043881662235,131050001952,113964
/tf,131050001952,1785624024749062283,110043884759409,131050001952,0
/localization/kinematic_state,131050001952,1785624024749258799,110043884955704,131050001952,0
/localization/kinematic_state,131100001953,1785624024785642137,110043921339385,131100001953,0
/tf,131100001953,1785624024786589662,110043922286716,131100001953,0
/localization/pose_estimator/pose_with_covariance,131000001952,1785624024789248877,110043924946077,131100001953,0
/sensing/lidar/top/pointcloud_raw_ex,131100001953,1785624024793607504,110043929305249,131100001953,106620
/localization/kinematic_state,131150001954,1785624024833691669,110043969389032,131150001954,0
/tf,131150001954,1785624024836273089,110043971970360,131150001954,0
/sensing/lidar/top/pointcloud_raw_ex,131150001954,1785624024845439653,110043981137278,131150001954,113852
/localization/kinematic_state,131200001955,1785624024891624908,110044027322196,131200001955,0
/tf,131200001955,1785624024892316335,110044028013523,131200001955,0
/sensing/lidar/top/pointcloud_raw_ex,131200001955,1785624024893189438,110044028886718,131200001955,107500
/localization/kinematic_state,131250001955,1785624024933134444,110044068831711,131250001955,0
/tf,131250001955,1785624024934480807,110044070177846,131250001955,0
/sensing/lidar/top/pointcloud_raw_ex,131250001955,1785624024945986458,110044081684120,131250001955,115004
/sensing/lidar/top/pointcloud_raw_ex,131300001956,1785624024992932722,110044128630506,131300001956,105500
/tf,131300001956,1785624024993919194,110044129616301,131300001956,0
/localization/kinematic_state,131300001956,1785624024994029653,110044129726619,131300001956,0
/tf,131350001957,1785624025037976972,110044173674280,131350001957,0
/localization/kinematic_state,131350001957,1785624025038095604,110044173792719,131350001957,0
/sensing/lidar/top/pointcloud_raw_ex,131350001957,1785624025044531067,110044180228819,131350001957,114364
/tf,131400001958,1785624025082864878,110044218562088,131400001958,0
/localization/kinematic_state,131400001958,1785624025082908327,110044218605174,131400001958,0
/sensing/lidar/top/pointcloud_raw_ex,131400001958,1785624025095036451,110044230734100,131400001958,107804
/tf,131450001958,1785624025131748774,110044267446096,131450001958,0
/localization/kinematic_state,131450001958,1785624025131863571,110044267560506,131450001958,0
/sensing/lidar/top/pointcloud_raw_ex,131450001958,1785624025145495586,110044281193129,131450001958,115724
/localization/pose_estimator/pose_with_covariance,131350001957,1785624025159451517,110044295148907,131450001958,0
/localization/pose_estimator/pose_with_covariance,131450001958,1785624025163362119,110044299059341,131450001958,0
/tf,131500001959,1785624025183721101,110044319418323,131500001959,0
/localization/kinematic_state,131500001959,1785624025184119864,110044319816919,131500001959,0
/sensing/lidar/top/pointcloud_raw_ex,131500001959,1785624025195164790,110044330862793,131500001959,105436
/localization/kinematic_state,131550001960,1785624025238372742,110044374070029,131550001960,0
/tf,131550001960,1785624025239166014,110044374863190,131550001960,0
/sensing/lidar/top/pointcloud_raw_ex,131550001960,1785624025245764592,110044381462183,131550001960,115404
/tf,131600001960,1785624025283406009,110044419103291,131600001960,0
/localization/kinematic_state,131600001960,1785624025284434972,110044420132015,131600001960,0
/sensing/lidar/top/pointcloud_raw_ex,131600001960,1785624025294723427,110044430421218,131600001960,107132
/localization/kinematic_state,131650001961,1785624025342877535,110044478574940,131650001961,0
/tf,131650001961,1785624025343646137,110044479343216,131650001961,0
/sensing/lidar/top/pointcloud_raw_ex,131650001961,1785624025346912878,110044482610686,131650001961,115084
/localization/kinematic_state,131700001962,1785624025385628829,110044521326228,131700001962,0
/tf,131700001962,1785624025392864187,110044528561483,131700001962,0
/sensing/lidar/top/pointcloud_raw_ex,131700001962,1785624025397912703,110044533610364,131700001962,105212
/localization/kinematic_state,131750001963,1785624025434346131,110044570043390,131750001963,0
/tf,131750001963,1785624025437327985,110044573025165,131750001963,0
/sensing/lidar/top/pointcloud_raw_ex,131750001963,1785624025445251474,110044580949194,131750001963,113292
/localization/kinematic_state,131800001963,1785624025488499389,110044624196738,131800001963,0
/tf,131800001963,1785624025488764763,110044624461765,131800001963,0
/sensing/lidar/top/pointcloud_raw_ex,131800001963,1785624025493483428,110044629181088,131800001963,108252
/tf,131850001964,1785624025533502264,110044669199703,131850001964,0
/localization/kinematic_state,131850001964,1785624025533815343,110044669512386,131850001964,0
/sensing/lidar/top/pointcloud_raw_ex,131850001964,1785624025547982344,110044683680029,131850001964,115292
/tf,131900001965,1785624025592394720,110044728092057,131900001965,0
/localization/kinematic_state,131900001965,1785624025592438767,110044728135607,131900001965,0
/sensing/lidar/top/pointcloud_raw_ex,131900001965,1785624025596034343,110044731731850,131900001965,108540
/localization/kinematic_state,131950001966,1785624025644850163,110044780547470,131950001966,0
/sensing/lidar/top/pointcloud_raw_ex,131950001966,1785624025646398428,110044782096301,131950001966,115788
/tf,131950001966,1785624025651581068,110044787278410,131950001966,0
/tf,132000001966,1785624025683857809,110044819554846,132000001966,0
/localization/kinematic_state,132000001966,1785624025683902853,110044819599748,132000001966,0
/sensing/lidar/top/pointcloud_raw_ex,132000001966,1785624025696695009,110044832392657,132000001966,106412
/tf,132050001967,1785624025733746338,110044869443648,132050001967,0
/localization/kinematic_state,132050001967,1785624025733786355,110044869483189,132050001967,0
/sensing/lidar/top/pointcloud_raw_ex,132050001967,1785624025746765655,110044882462911,132050001967,113532
/localization/kinematic_state,132100001968,1785624025792353250,110044928050464,132100001968,0
/sensing/lidar/top/pointcloud_raw_ex,132100001968,1785624025797332628,110044933029516,132100001968,106812
/tf,132100001968,1785624025797356443,110044933053259,132100001968,0
/localization/pose_estimator/pose_with_covariance,132000001966,1785624025814536641,110044950233750,132100001968,0
/localization/kinematic_state,132150001969,1785624025845895004,110044981592200,132150001969,0
/tf,132150001969,1785624025847603368,110044983300650,132150001969,0
/sensing/lidar/top/pointcloud_raw_ex,132150001969,1785624025852367616,110044988065396,132150001969,116668
/tf,132200001969,1785624025886645401,110045022342573,132200001969,0
/localization/kinematic_state,132200001969,1785624025890702226,110045026399477,132200001969,0
/sensing/lidar/top/pointcloud_raw_ex,132200001969,1785624025899184937,110045034882461,132200001969,106268
/control/command/control_cmd,132150001969,1785624025934694972,110045070392975,132200001969,80
/localization/kinematic_state,132250001970,1785624025940906457,110045076603683,132250001970,0
/tf,132250001970,1785624025940930259,110045076627220,132250001970,0
/sensing/lidar/top/pointcloud_raw_ex,132250001970,1785624025955471837,110045091169632,132250001970,114860
/control/command/control_cmd,132150001969,1785624025974485335,110045110182900,132250001970,80
/localization/kinematic_state,132300001971,1785624025988646074,110045124343346,132300001971,0
/tf,132300001971,1785624025989685261,110045125382451,132300001971,0
/sensing/lidar/top/pointcloud_raw_ex,132300001971,1785624026000531536,110045136229066,132300001971,107132
/localization/kinematic_state,132350001972,1785624026041799154,110045177496359,132350001972,0
/sensing/lidar/top/pointcloud_raw_ex,132350001972,1785624026050457264,110045186154735,132350001972,115100
/tf,132350001972,1785624026052650162,110045188347698,132350001972,0
/control/command/control_cmd,132150001969,1785624026056207643,110045191905194,132350001972,80
/localization/pose_estimator/pose_with_covariance,132200001969,1785624026072218643,110045207915829,132350001972,0
/localization/kinematic_state,132400001972,1785624026093466098,110045229163265,132400001972,0
/sensing/lidar/top/pointcloud_raw_ex,132400001972,1785624026099626724,110045235323855,132400001972,106860
/tf,132400001972,1785624026100107206,110045235804185,132400001972,0
/localization/kinematic_state,132450001973,1785624026141838242,110045277535626,132450001973,0
/tf,132450001973,1785624026142818906,110045278515911,132450001973,0
/sensing/lidar/top/pointcloud_raw_ex,132450001973,1785624026151349653,110045287047507,132450001973,117036
/localization/pose_estimator/pose_with_covariance,132400001972,1785624026170835974,110045306533194,132450001973,0
/localization/kinematic_state,132500001974,1785624026188857287,110045324554362,132500001974,0
/tf,132500001974,1785624026190683531,110045326380625,132500001974,0
/sensing/lidar/top/pointcloud_raw_ex,132500001974,1785624026199322815,110045335020439,132500001974,105788
/tf,132550001975,1785624026240797015,110045376494262,132550001975,0
/localization/kinematic_state,132550001975,1785624026240860395,110045376557242,132550001975,0
/sensing/lidar/top/pointcloud_raw_ex,132550001975,1785624026252370838,110045388068504,132550001975,113484
/localization/kinematic_state,132600001975,1785624026289818081,110045425515546,132600001975,0
/tf,132600001975,1785624026290178234,110045425875253,132600001975,0
/sensing/lidar/top/pointcloud_raw_ex,132600001975,1785624026302448920,110045438146702,132600001975,106876
/localization/kinematic_state,132650001976,1785624026343327255,110045479024325,132650001976,0
/tf,132650001976,1785624026344131468,110045479828443,132650001976,0
/sensing/lidar/top/pointcloud_raw_ex,132650001976,1785624026352360372,110045488058008,132650001976,114268
/tf,132700001977,1785624026388230862,110045523928043,132700001977,0
/localization/kinematic_state,132700001977,1785624026388975341,110045524672410,132700001977,0
/sensing/lidar/top/pointcloud_raw_ex,132700001977,1785624026407366888,110045543064768,132700001977,107788
/localization/kinematic_state,132750001978,1785624026440460964,110045576158264,132750001978,0
/tf,132750001978,1785624026440539765,110045576236629,132750001978,0
/sensing/lidar/top/pointcloud_raw_ex,132750001978,1785624026451862059,110045587559941,132750001978,113100
/localization/kinematic_state,132800001978,1785624026493818668,110045629515811,132800001978,0
/tf,132800001978,1785624026500256830,110045635954183,132800001978,0
/sensing/lidar/top/pointcloud_raw_ex,132800001978,1785624026502652124,110045638349294,132800001978,104828
/localization/pose_estimator/pose_with_covariance,132750001978,1785624026504065321,110045639762510,132800001978,0
/tf,132850001979,1785624026539178672,110045674876164,132850001979,0
/localization/kinematic_state,132850001979,1785624026539807071,110045675504120,132850001979,0
/sensing/lidar/top/pointcloud_raw_ex,132850001979,1785624026552599294,110045688297000,132850001979,115324
/tf,132900001980,1785624026589498027,110045725195164,132900001980,0
/localization/kinematic_state,132900001980,1785624026589541027,110045725237869,132900001980,0
/sensing/lidar/top/pointcloud_raw_ex,132900001980,1785624026601230728,110045736928466,132900001980,106332
/localization/kinematic_state,132950001981,1785624026644669441,110045780459340,132950001981,0
/tf,132950001981,1785624026645029560,110045780726567,132950001981,0
/sensing/lidar/top/pointcloud_raw_ex,132950001981,1785624026653348532,110045789046438,132950001981,114316
/localization/kinematic_state,133000001981,1785624026698111765,110045833809071,133000001981,0
/tf,133000001981,1785624026698923771,110045834620842,133000001981,0
/sensing/lidar/top/pointcloud_raw_ex,133000001981,1785624026701387931,110045837085453,133000001981,106540
/tf,133050001982,1785624026752801435,110045888498763,133050001982,0
/localization/kinematic_state,133050001982,1785624026752850672,110045888547537,133050001982,0
/sensing/lidar/top/pointcloud_raw_ex,133050001982,1785624026753434986,110045889132018,133050001982,115612
/localization/pose_estimator/pose_with_covariance,133000001981,1785624026776704207,110045912402971,133050001982,0
/localization/kinematic_state,133100001983,1785624026791309842,110045927007311,133100001983,0
/tf,133100001983,1785624026792252826,110045927949917,133100001983,0
/sensing/lidar/top/pointcloud_raw_ex,133100001983,1785624026803050596,110045938748474,133100001983,107036
/tf,133150001984,1785624026840799192,110045976496568,133150001984,0
/localization/kinematic_state,133150001984,1785624026841352293,110045977049487,133150001984,0
/control/command/control_cmd,133150001984,1785624026842051186,110045977748254,133150001984,80
/sensing/lidar/top/pointcloud_raw_ex,133150001984,1785624026854829312,110045990527158,133150001984,113964
/localization/kinematic_state,133200001984,1785624026894504454,110046030201715,133200001984,0
/tf,133200001984,1785624026900841998,110046036539342,133200001984,0
/sensing/lidar/top/pointcloud_raw_ex,133200001984,1785624026902596469,110046038294118,133200001984,106252
/localization/kinematic_state,133250001985,1785624026945414199,110046081111453,133250001985,0
/tf,133250001985,1785624026945438311,110046081135133,133250001985,0
/sensing/lidar/top/pointcloud_raw_ex,133250001985,1785624026953678234,110046089375861,133250001985,114748
/localization/kinematic_state,133300001986,1785624026990605313,110046126302547,133300001986,0
/tf,133300001986,1785624026995210841,110046130908038,133300001986,0
/sensing/lidar/top/pointcloud_raw_ex,133300001986,1785624027004736655,110046140434160,133300001986,107212
/localization/pose_estimator/pose_with_covariance,133300001986,1785624027023628734,110046159325983,133300001986,0
/localization/kinematic_state,133350001987,1785624027044526553,110046180223648,133350001987,0
/tf,133350001987,1785624027050524384,110046186221599,133350001987,0
/sensing/lidar/top/pointcloud_raw_ex,133350001987,1785624027052718951,110046188416374,133350001987,113964
/localization/kinematic_state,133400001987,1785624027092569881,110046228267009,133400001987,0
/tf,133400001987,1785624027099053920,110046234751252,133400001987,0
/sensing/lidar/top/pointcloud_raw_ex,133400001987,1785624027102445604,110046238143088,133400001987,105836
/localization/kinematic_state,133450001988,1785624027149335121,110046285032471,133450001988,0
/tf,133450001988,1785624027150182195,110046285879395,133450001988,0
/sensing/lidar/top/pointcloud_raw_ex,133450001988,1785624027152137649,110046287835129,133450001988,112636
/localization/kinematic_state,133500001989,1785624027194727624,110046330424782,133500001989,0
/tf,133500001989,1785624027194757200,110046330454074,133500001989,0
/sensing/lidar/top/pointcloud_raw_ex,133500001989,1785624027202337588,110046338035517,133500001989,106972
/localization/kinematic_state,133550001990,1785624027242595049,110046378292362,133550001990,0
/tf,133550001990,1785624027243168624,110046378865735,133550001990,0
/sensing/lidar/top/pointcloud_raw_ex,133550001990,1785624027254681227,110046390379170,133550001990,113260
/control/command/control_cmd,133200001984,1785624027284009338,110046419706944,133550001990,80
/tf,133600001990,1785624027290899522,110046426596834,133600001990,0
/localization/kinematic_state,133600001990,1785624027290940082,110046426636937,133600001990,0
/sensing/lidar/top/pointcloud_raw_ex,133600001990,1785624027305268382,110046440966070,133600001990,106156
/tf,133650001991,1785624027342388417,110046478085769,133650001991,0
/localization/kinematic_state,133650001991,1785624027342429510,110046478126357,133650001991,0
/sensing/lidar/top/pointcloud_raw_ex,133650001991,1785624027356313232,110046492010825,133650001991,114940
/tf,133700001992,1785624027397549653,110046533246877,133700001992,0
/localization/kinematic_state,133700001992,1785624027397905583,110046533602635,133700001992,0
/sensing/lidar/top/pointcloud_raw_ex,133700001992,1785624027402892160,110046538589788,133700001992,104444
/localization/kinematic_state,133750001993,1785624027453847532,110046589545001,133750001993,0
/sensing/lidar/top/pointcloud_raw_ex,133750001993,1785624027455336449,110046591034142,133750001993,114188
/tf,133750001993,1785624027458136140,110046593833259,133750001993,0
/tf,133800001993,1785624027497525458,110046633222839,133800001993,0
/localization/kinematic_state,133800001993,1785624027497600803,110046633297755,133800001993,0
/sensing/lidar/top/pointcloud_raw_ex,133800001993,1785624027504315228,110046640012755,133800001993,106940
/sensing/lidar/top/pointcloud_raw_ex,133850001994,1785624027556485519,110046692183238,133850001994,114124
/localization/kinematic_state,133850001994,1785624027556526868,110046692223731,133850001994,0
/tf,133850001994,1785624027556545436,110046692242270,133850001994,0
/tf,133900001995,1785624027599583877,110046735281188,133900001995,0
/localization/kinematic_state,133900001995,1785624027599636696,110046735333583,133900001995,0
/sensing/lidar/top/pointcloud_raw_ex,133900001995,1785624027605719941,110046741417587,133900001995,108492
/tf,133950001996,1785624027642832280,110046778529454,133950001996,0
/localization/kinematic_state,133950001996,1785624027643005696,110046778702725,133950001996,0
/sensing/lidar/top/pointcloud_raw_ex,133950001996,1785624027657365716,110046793063230,133950001996,114252
/tf,134000001996,1785624027692832120,110046828529317,134000001996,0
/localization/kinematic_state,134000001996,1785624027693014337,110046828711336,134000001996,0
/sensing/lidar/top/pointcloud_raw_ex,134000001996,1785624027705943661,110046841641397,134000001996,107020
/localization/kinematic_state,134050001997,1785624027744520076,110046880217281,134050001997,0
/tf,134050001997,1785624027744554603,110046880251453,134050001997,0
/localization/pose_estimator/pose_with_covariance,133900001995,1785624027753761435,110046889459152,134050001997,0
/sensing/lidar/top/pointcloud_raw_ex,134050001997,1785624027758078450,110046893776119,134050001997,115756
/localization/pose_estimator/pose_with_covariance,134050001997,1785624027777678670,110046913376006,134050001997,0
/tf,134100001998,1785624027794810288,110046930507509,134100001998,0
/localization/kinematic_state,134100001998,1785624027795967870,110046931664869,134100001998,0
/sensing/lidar/top/pointcloud_raw_ex,134100001998,1785624027807530651,110046943228308,134100001998,106684
/tf,134150001998,1785624027844852101,110046980549373,134150001998,0
/localization/kinematic_state,134150001998,1785624027844893230,110046980590102,134150001998,0
/sensing/lidar/top/pointcloud_raw_ex,134150001998,1785624027857652134,110046993349731,134150001998,114460
/localization/kinematic_state,134200001999,1785624027901239324,110047036936547,134200001999,0
/tf,134200001999,1785624027901540323,110047037237303,134200001999,0
/sensing/lidar/top/pointcloud_raw_ex,134200001999,1785624027907435873,110047043133837,134200001999,106156
/control/command/control_cmd,134200001999,1785624027936489555,110047072187290,134200001999,80
/tf,134250002000,1785624027956496914,110047092194253,134250002000,0
/localization/kinematic_state,134250002000,1785624027956619349,110047092316360,134250002000,0
/sensing/lidar/top/pointcloud_raw_ex,134250002000,1785624027957677948,110047093375117,134250002000,114860
/localization/kinematic_state,134300002001,1785624027997773378,110047133470776,134300002001,0
/tf,134300002001,1785624027998758977,110047134456298,134300002001,0
/sensing/lidar/top/pointcloud_raw_ex,134300002001,1785624028006917525,110047142615065,134300002001,108412
/localization/kinematic_state,134350002001,1785624028050388754,110047186085773,134350002001,0
/tf,134350002001,1785624028051541847,110047187238713,134350002001,0
/sensing/lidar/top/pointcloud_raw_ex,134350002001,1785624028055902110,110047191598984,134350002001,114508
/localization/kinematic_state,134400002002,1785624028097835463,110047233532745,134400002002,0
/tf,134400002002,1785624028098359025,110047234055943,134400002002,0
/sensing/lidar/top/pointcloud_raw_ex,134400002002,1785624028108966790,110047244664177,134400002002,104604
/localization/kinematic_state,134450002003,1785624028149692134,110047285389382,134450002003,0
/tf,134450002003,1785624028149840141,110047285537213,134450002003,0
/sensing/lidar/top/pointcloud_raw_ex,134450002003,1785624028159074264,110047294771759,134450002003,113532
/localization/kinematic_state,134500002004,1785624028197119017,110047332816252,134500002004,0
/tf,134500002004,1785624028203682639,110047339379994,134500002004,0
/sensing/lidar/top/pointcloud_raw_ex,134500002004,1785624028207826259,110047343523847,134500002004,104876
/localization/kinematic_state,134550002004,1785624028248341458,110047384038482,134550002004,0
/tf,134550002004,1785624028251324764,110047387021604,134550002004,0
/sensing/lidar/top/pointcloud_raw_ex,134550002004,1785624028259513673,110047395210489,134550002004,113820
/tf,134600002005,1785624028299764641,110047435461892,134600002005,0
/localization/kinematic_state,134600002005,1785624028299823901,110047435520779,134600002005,0
/sensing/lidar/top/pointcloud_raw_ex,134600002005,1785624028307928779,110047443626484,134600002005,106316
/tf,134650002006,1785624028346678948,110047482376341,134650002006,0
/localization/kinematic_state,134650002006,1785624028349234777,110047484931882,134650002006,0
/sensing/lidar/top/pointcloud_raw_ex,134650002006,1785624028360243216,110047495940847,134650002006,115196
/tf,134700002007,1785624028395624211,110047531321457,134700002007,0
/localization/kinematic_state,134700002007,1785624028395770873,110047531467752,134700002007,0
/sensing/lidar/top/pointcloud_raw_ex,134700002007,1785624028410202835,110047545900267,134700002007,105148
/tf,134750002007,1785624028447205662,110047582903064,134750002007,0
/localization/kinematic_state,134750002007,1785624028447953059,110047583650069,134750002007,0
/sensing/lidar/top/pointcloud_raw_ex,134750002007,1785624028460837527,110047596535174,134750002007,115036
/tf,134800002008,1785624028503324825,110047639022162,134800002008,0
/localization/kinematic_state,134800002008,1785624028503487457,110047639184532,134800002008,0
/sensing/lidar/top/pointcloud_raw_ex,134800002008,1785624028506686999,110047642384469,134800002008,106220
/tf,134850002009,1785624028556680417,110047692377695,134850002009,0
/localization/kinematic_state,134850002009,1785624028557177022,110047692874037,134850002009,0
/sensing/lidar/top/pointcloud_raw_ex,134850002009,1785624028558801505,110047694499125,134850002009,114796
/localization/kinematic_state,134900002010,1785624028602269785,110047737967114,134900002010,0
/tf,134900002010,1785624028602607526,110047738304598,134900002010,0
/sensing/lidar/top/pointcloud_raw_ex,134900002010,1785624028607331889,110047743029701,134900002010,106332
/localization/pose_estimator/pose_with_covariance,134850002009,1785624028635253651,110047770950983,134900002010,0
/tf,134950002010,1785624028648867231,110047784564592,134950002010,0
/localization/kinematic_state,134950002010,1785624028649127090,110047784824035,134950002010,0
/sensing/lidar/top/pointcloud_raw_ex,134950002010,1785624028660912370,110047796609794,134950002010,116732
/tf,135000002011,1785624028706197418,110047841894491,135000002011,0
/localization/kinematic_state,135000002011,1785624028706563549,110047842260714,135000002011,0
/sensing/lidar/top/pointcloud_raw_ex,135000002011,1785624028708705959,110047844403439,135000002011,108188
/localization/pose_estimator/pose_with_covariance,134950002010,1785624028739421523,110047875118699,135000002011,0
/localization/kinematic_state,135050002012,1785624028752726738,110047888423968,135050002012,0
/tf,135050002012,1785624028753980976,110047889678045,135050002012,0
/sensing/lidar/top/pointcloud_raw_ex,135050002012,1785624028762676761,110047898374168,135050002012,113308
/tf,135100002013,1785624028801760539,110047937457785,135100002013,0
/localization/kinematic_state,135100002013,1785624028801929960,110047937626878,135100002013,0
/sensing/lidar/top/pointcloud_raw_ex,135100002013,1785624028808016596,110047943713956,135100002013,107756
/tf,135150002013,1785624028851865470,110047987562717,135150002013,0
/localization/kinematic_state,135150002013,1785624028851917646,110047987614538,135150002013,0
/sensing/lidar/top/pointcloud_raw_ex,135150002013,1785624028860287246,110047995984913,135150002013,114732
/localization/kinematic_state,135200002014,1785624028903600839,110048039298190,135200002014,0
/tf,135200002014,1785624028904468504,110048040165628,135200002014,0
/sensing/lidar/top/pointcloud_raw_ex,135200002014,1785624028910286568,110048045983989,135200002014,107324
/localization/kinematic_state,135250002015,1785624028950523920,110048086221170,135250002015,0
/control/command/control_cmd,135250002015,1785624028952080392,110048087777619,135250002015,80
/tf,135250002015,1785624028953837079,110048089534367,135250002015,0
/sensing/lidar/top/pointcloud_raw_ex,135250002015,1785624028962999780,110048098697450,135250002015,115388
/tf,135300002016,1785624029002574995,110048138272289,135300002016,0
/localization/kinematic_state,135300002016,1785624029002973278,110048138670290,135300002016,0
/sensing/lidar/top/pointcloud_raw_ex,135300002016,1785624029008974729,110048144672306,135300002016,107484
/localization/kinematic_state,135350002016,1785624029050354396,110048186051634,135350002016,0
/tf,135350002016,1785624029050607027,110048186303998,135350002016,0
/sensing/lidar/top/pointcloud_raw_ex,135350002016,1785624029060367808,110048196065529,135350002016,116188
/tf,135400002017,1785624029107996866,110048243694168,135400002017,0
/localization/kinematic_state,135400002017,1785624029108533218,110048244230282,135400002017,0
/sensing/lidar/top/pointcloud_raw_ex,135400002017,1785624029112226576,110048247924118,135400002017,106140
/tf,135450002018,1785624029154282975,110048289980232,135450002018,0
/localization/kinematic_state,135450002018,1785624029155274781,110048290971925,135450002018,0
/sensing/lidar/top/pointcloud_raw_ex,135450002018,1785624029164290383,110048299988032,135450002018,113644
/tf,135500002019,1785624029199280031,110048334977252,135500002019,0
/localization/kinematic_state,135500002019,1785624029199425727,110048335122744,135500002019,0
/sensing/lidar/top/pointcloud_raw_ex,135500002019,1785624029212998195,110048348695622,135500002019,105020
/localization/kinematic_state,135550002019,1785624029251109381,110048386806777,135550002019,0
/tf,135550002019,1785624029255174623,110048390871834,135550002019,0
/sensing/lidar/top/pointcloud_raw_ex,135550002019,1785624029259393072,110048395090936,135550002019,115308
/tf,135600002020,1785624029303763218,110048439460515,135600002020,0
/localization/kinematic_state,135600002020,1785624029303900055,110048439596939,135600002020,0
/sensing/lidar/top/pointcloud_raw_ex,135600002020,1785624029310476847,110048446174767,135600002020,107180
/sensing/lidar/top/pointcloud_raw_ex,135650002021,1785624029362648034,110048498345612,135650002021,115932
/localization/kinematic_state,135650002021,1785624029364382468,110048500079738,135650002021,0
/tf,135650002021,1785624029364803112,110048500500114,135650002021,0
/localization/pose_estimator/pose_with_covariance,135600002020,1785624029391741389,110048527438884,135650002021,0
/tf,135700002022,1785624029398803058,110048534500434,135700002022,0
/localization/kinematic_state,135700002022,1785624029399615758,110048535312770,135700002022,0
/sensing/lidar/top/pointcloud_raw_ex,135700002022,1785624029412102615,110048547800512,135700002022,106380
/localization/kinematic_state,135750002022,1785624029461889289,110048597586498,135750002022,0
/tf,135750002022,1785624029462441248,110048598138140,135750002022,0
/sensing/lidar/top/pointcloud_raw_ex,135750002022,1785624029464757337,110048600454822,135750002022,114652
/localization/kinematic_state,135800002023,1785624029506630808,110048642328210,135800002023,0
/tf,135800002023,1785624029506739426,110048642436534,135800002023,0
/sensing/lidar/top/pointcloud_raw_ex,135800002023,1785624029511239610,110048646937263,135800002023,106060
/localization/pose_estimator/pose_with_covariance,135750002022,1785624029541192968,110048676890220,135800002023,0
/sensing/lidar/top/pointcloud_raw_ex,135850002024,1785624029563378132,110048699075824,135850002024,114316
/localization/kinematic_state,135850002024,1785624029579203133,110048714900454,135850002024,0
/tf,135850002024,1785624029582237692,110048717934852,135850002024,0
/tf,135900002025,1785624029609735958,110048745433311,135900002025,0
/sensing/lidar/top/pointcloud_raw_ex,135900002025,1785624029609895667,110048745592893,135900002025,107276
/localization/kinematic_state,135900002025,1785624029610101412,110048745798467,135900002025,0
/tf,135950002025,1785624029650136861,110048785834169,135950002025,0
/localization/kinematic_state,135950002025,1785624029650282832,110048785979838,135950002025,0
/sensing/lidar/top/pointcloud_raw_ex,135950002025,1785624029663014388,110048798711889,135950002025,114796
/sensing/lidar/top/pointcloud_raw_ex,136000002026,1785624029715665722,110048851363360,136000002026,109068
/tf,136000002026,1785624029716926442,110048852623503,136000002026,0
/localization/kinematic_state,136000002026,1785624029717024498,110048852721558,136000002026,0
/sensing/lidar/top/pointcloud_raw_ex,136050002027,1785624029759984075,110048895681974,136050002027,114524
/tf,136050002027,1785624029764372235,110048900069714,136050002027,0
/localization/kinematic_state,136050002027,1785624029764498682,110048900195620,136050002027,0
/localization/kinematic_state,136100002028,1785624029800970657,110048936667871,136100002028,0
/tf,136100002028,1785624029801854077,110048937551195,136100002028,0
/sensing/lidar/top/pointcloud_raw_ex,136100002028,1785624029810280633,110048945978365,136100002028,106540
/tf,136150002028,1785624029849236920,110048984933954,136150002028,0
/localization/kinematic_state,136150002028,1785624029849513954,110048985210960,136150002028,0
/sensing/lidar/top/pointcloud_raw_ex,136150002028,1785624029863924039,110048999622030,136150002028,114076
/localization/pose_estimator/pose_with_covariance,136100002028,1785624029869918684,110049005615669,136150002028,0
/tf,136200002029,1785624029903394518,110049039092039,136200002029,0
/localization/kinematic_state,136200002029,1785624029903735923,110049039432872,136200002029,0
/sensing/lidar/top/pointcloud_raw_ex,136200002029,1785624029911984306,110049047682042,136200002029,106540
/control/command/control_cmd,136200002029,1785624029918770920,110049054468553,136200002029,80
/tf,136250002030,1785624029950662677,110049086360244,136250002030,0
/localization/kinematic_state,136250002030,1785624029951877521,110049087574619,136250002030,0
/sensing/lidar/top/pointcloud_raw_ex,136250002030,1785624029961289766,110049096987379,136250002030,112972
/localization/kinematic_state,136300002031,1785624030001017859,110049136715115,136300002031,0
/tf,136300002031,1785624030001111202,110049136808058,136300002031,0
/sensing/lidar/top/pointcloud_raw_ex,136300002031,1785624030013472004,110049149169502,136300002031,105740
/localization/kinematic_state,136350002031,1785624030050675770,110049186372967,136350002031,0
/tf,136350002031,1785624030051739429,110049187436652,136350002031,0
/sensing/lidar/top/pointcloud_raw_ex,136350002031,1785624030063510402,110049199208016,136350002031,114684
/localization/kinematic_state,136400002032,1785624030102599793,110049238297263,136400002032,0
/tf,136400002032,1785624030103471948,110049239168957,136400002032,0
/sensing/lidar/top/pointcloud_raw_ex,136400002032,1785624030113113132,110049248810852,136400002032,106220
/tf,136450002033,1785624030154244296,110049289941503,136450002033,0
/localization/kinematic_state,136450002033,1785624030154339684,110049290036629,136450002033,0
/sensing/lidar/top/pointcloud_raw_ex,136450002033,1785624030162392793,110049298090407,136450002033,113084
/control/command/control_cmd,136400002032,1785624030189003463,110049324701203,136450002033,80
/localization/kinematic_state,136500002034,1785624030209832521,110049345529751,136500002034,0
/tf,136500002034,1785624030210648822,110049346345964,136500002034,0
/sensing/lidar/top/pointcloud_raw_ex,136500002034,1785624030216570114,110049352267930,136500002034,106828
/localization/kinematic_state,136550002034,1785624030255004281,110049390701593,136550002034,0
/tf,136550002034,1785624030255347204,110049391044243,136550002034,0
/sensing/lidar/top/pointcloud_raw_ex,136550002034,1785624030269040326,110049404738152,136550002034,114716
/tf,136600002035,1785624030310972794,110049446670141,136600002035,0
/localization/kinematic_state,136600002035,1785624030312233507,110049447930804,136600002035,0
/sensing/lidar/top/pointcloud_raw_ex,136600002035,1785624030315464008,110049451161836,136600002035,107020
/sensing/lidar/top/pointcloud_raw_ex,136650002036,1785624030365857234,110049501554912,136650002036,113980
/tf,136650002036,1785624030371909921,110049507607307,136650002036,0
/localization/kinematic_state,136650002036,1785624030373158471,110049508855653,136650002036,0
/localization/kinematic_state,136700002036,1785624030408261920,110049543959248,136700002036,0
/tf,136700002036,1785624030408298543,110049543995367,136700002036,0
/sensing/lidar/top/pointcloud_raw_ex,136700002036,1785624030416247547,110049551945316,136700002036,106748
/tf,136750002037,1785624030459685504,110049595382785,136750002037,0
/localization/kinematic_state,136750002037,1785624030459983753,110049595680802,136750002037,0
/sensing/lidar/top/pointcloud_raw_ex,136750002037,1785624030468358335,110049604056205,136750002037,113516
/tf,136800002038,1785624030504113962,110049639811212,136800002038,0
/localization/kinematic_state,136800002038,1785624030504469816,110049640166991,136800002038,0
/sensing/lidar/top/pointcloud_raw_ex,136800002038,1785624030516689387,110049652387236,136800002038,106892
/tf,136850002039,1785624030563820374,110049699517679,136850002039,0
/localization/kinematic_state,136850002039,1785624030564027753,110049699724732,136850002039,0
/sensing/lidar/top/pointcloud_raw_ex,136850002039,1785624030568895630,110049704593338,136850002039,112380
/sensing/lidar/top/pointcloud_raw_ex,136900002039,1785624030614683229,110049750381093,136900002039,109228
/tf,136900002039,1785624030628416272,110049764113581,136900002039,0
/localization/kinematic_state,136900002039,1785624030630951317,110049766648608,136900002039,0
/tf,136950002040,1785624030658150502,110049793847800,136950002040,0
/localization/kinematic_state,136950002040,1785624030658196316,110049793893157,136950002040,0
/sensing/lidar/top/pointcloud_raw_ex,136950002040,1785624030667721320,110049803419037,136950002040,115820
/tf,137000002041,1785624030704802385,110049840499619,137000002041,0
/localization/kinematic_state,137000002041,1785624030704983223,110049840680241,137000002041,0
/sensing/lidar/top/pointcloud_raw_ex,137000002041,1785624030715515215,110049851212847,137000002041,105292
/tf,137050002042,1785624030764002760,110049899699862,137050002042,0
/localization/kinematic_state,137050002042,1785624030764135622,110049899832525,137050002042,0
/sensing/lidar/top/pointcloud_raw_ex,137050002042,1785624030767471242,110049903168795,137050002042,113724
/localization/pose_estimator/pose_with_covariance,136950002040,1785624030781651025,110049917348430,137050002042,0
/localization/kinematic_state,137100002042,1785624030810657221,110049946354598,137100002042,0
/tf,137100002042,1785624030810739009,110049946435874,137100002042,0
/sensing/lidar/top/pointcloud_raw_ex,137100002042,1785624030815917452,110049951615110,137100002042,107004
/localization/kinematic_state,137150002043,1785624030855915365,110049991612767,137150002043,0
/tf,137150002043,1785624030857341880,110049993039005,137150002043,0
/sensing/lidar/top/pointcloud_raw_ex,137150002043,1785624030868173676,110050003871032,137150002043,114780
/tf,137200002044,1785624030905435519,110050041132753,137200002044,0
/localization/kinematic_state,137200002044,1785624030905569590,110050041266477,137200002044,0
/sensing/lidar/top/pointcloud_raw_ex,137200002044,1785624030917433268,110050053130665,137200002044,107180
/localization/kinematic_state,137250002045,1785624030961369001,110050097066353,137250002045,0
/tf,137250002045,1785624030961388350,110050097085205,137250002045,0
/sensing/lidar/top/pointcloud_raw_ex,137250002045,1785624030965940142,110050101637204,137250002045,113148
/localization/kinematic_state,137300002045,1785624031010370899,110050146068034,137300002045,0
/tf,137300002045,1785624031010576402,110050146273577,137300002045,0
/sensing/lidar/top/pointcloud_raw_ex,137300002045,1785624031015726195,110050151423910,137300002045,106844
/tf,137350002046,1785624031056791000,110050192488348,137350002046,0
/localization/kinematic_state,137350002046,1785624031057240491,110050192937512,137350002046,0
/sensing/lidar/top/pointcloud_raw_ex,137350002046,1785624031069598539,110050205296498,137350002046,114684
/localization/pose_estimator/pose_with_covariance,137300002045,1785624031104045796,110050239742909,137400002047,0
/localization/kinematic_state,137400002047,1785624031106159856,110050241857106,137400002047,0
/tf,137400002047,1785624031106701619,110050242398615,137400002047,0
/sensing/lidar/top/pointcloud_raw_ex,137400002047,1785624031119425147,110050255122908,137400002047,107516
/tf,137450002048,1785624031155489705,110050291186871,137450002048,0
/localization/kinematic_state,137450002048,1785624031155575348,110050291272476,137450002048,0
/sensing/lidar/top/pointcloud_raw_ex,137450002048,1785624031166588551,110050302285973,137450002048,113996
/tf,137500002048,1785624031205254425,110050340951825,137500002048,0
/localization/kinematic_state,137500002048,1785624031205517033,110050341213963,137500002048,0
/sensing/lidar/top/pointcloud_raw_ex,137500002048,1785624031219118969,110050354816936,137500002048,107916
/tf,137550002049,1785624031255808275,110050391505467,137550002049,0
/localization/kinematic_state,137550002049,1785624031255972609,110050391669713,137550002049,0
/sensing/lidar/top/pointcloud_raw_ex,137550002049,1785624031266888071,110050402585764,137550002049,115388
/localization/kinematic_state,137600002050,1785624031314316702,110050450013963,137600002050,0
/sensing/lidar/top/pointcloud_raw_ex,137600002050,1785624031316998867,110050452696365,137600002050,105644
/tf,137600002050,1785624031317217335,110050452914320,137600002050,0
/localization/kinematic_state,137650002051,1785624031366486598,110050502183700,137650002051,0
/tf,137650002051,1785624031366518689,110050502215556,137650002051,0
/sensing/lidar/top/pointcloud_raw_ex,137650002051,1785624031370445832,110050506143449,137650002051,115692
/sensing/lidar/top/pointcloud_raw_ex,137700002051,1785624031415078817,110050550776449,137700002051,105100
/tf,137700002051,1785624031415571463,110050551268420,137700002051,0
/localization/kinematic_state,137700002051,1785624031416272009,110050551968972,137700002051,0
/localization/kinematic_state,137750002052,1785624031459018269,110050594715421,137750002052,0
/tf,137750002052,1785624031464345896,110050600043161,137750002052,0
/sensing/lidar/top/pointcloud_raw_ex,137750002052,1785624031471129623,110050606827411,137750002052,114524
/tf,137800002053,1785624031506332968,110050642030187,137800002053,0
/localization/kinematic_state,137800002053,1785624031508545007,110050644242186,137800002053,0
/localization/pose_estimator/pose_with_covariance,137750002052,1785624031524590344,110050660287740,137800002053,0
/sensing/lidar/top/pointcloud_raw_ex,137800002053,1785624031525277242,110050660974499,137800002053,107756
/sensing/lidar/top/pointcloud_raw_ex,137850002054,1785624031566199289,110050701896790,137850002054,112540
/tf,137850002054,1785624031566229840,110050701926691,137850002054,0
/localization/kinematic_state,137850002054,1785624031566413224,110050702110266,137850002054,0
/localization/kinematic_state,137900002054,1785624031607719992,110050743417368,137900002054,0
/tf,137900002054,1785624031607869351,110050743566265,137900002054,0
/sensing/lidar/top/pointcloud_raw_ex,137900002054,1785624031615989406,110050751687100,137900002054,106508
/localization/kinematic_state,137950002055,1785624031659518553,110050795215795,137950002055,0
/tf,137950002055,1785624031659764875,110050795461821,137950002055,0
/localization/pose_estimator/pose_with_covariance,137850002054,1785624031663298844,110050798996098,137950002055,0
/sensing/lidar/top/pointcloud_raw_ex,137950002055,1785624031666914193,110050802611763,137950002055,113868
/localization/kinematic_state,138000002056,1785624031716138909,110050851836109,138000002056,0
/tf,138000002056,1785624031716752370,110050852449374,138000002056,0
/sensing/lidar/top/pointcloud_raw_ex,138000002056,1785624031720880978,110050856578681,138000002056,105996
/tf,138050002057,1785624031762894324,110050898591632,138050002057,0
/localization/kinematic_state,138050002057,1785624031762948091,110050898644965,138050002057,0
/sensing/lidar/top/pointcloud_raw_ex,138050002057,1785624031768706999,110050904404492,138050002057,113004
/localization/kinematic_state,138100002057,1785624031808750637,110050944447882,138100002057,0
/tf,138100002057,1785624031809299255,110050944996404,138100002057,0
/sensing/lidar/top/pointcloud_raw_ex,138100002057,1785624031821997597,110050957695480,138100002057,105948
/localization/kinematic_state,138150002058,1785624031864069609,110050999766976,138150002058,0
/tf,138150002058,1785624031870133785,110051005831121,138150002058,0
/sensing/lidar/top/pointcloud_raw_ex,138150002058,1785624031871926548,110051007624263,138150002058,114572
/tf,138200002059,1785624031909240560,110051044937980,138200002059,0
/localization/kinematic_state,138200002059,1785624031909787989,110051045484961,138200002059,0
/sensing/lidar/top/pointcloud_raw_ex,138200002059,1785624031918532529,110051054230282,138200002059,107340
/localization/kinematic_state,138250002060,1785624031960356069,110051096053349,138250002060,0
/tf,138250002060,1785624031961794947,110051097492199,138250002060,0
/sensing/lidar/top/pointcloud_raw_ex,138250002060,1785624031971229112,110051106926710,138250002060,113564
/localization/kinematic_state,138300002060,1785624032009773304,110051145470411,138300002060,0
/tf,138300002060,1785624032010009203,110051145706108,138300002060,0
/sensing/lidar/top/pointcloud_raw_ex,138300002060,1785624032020047795,110051155745467,138300002060,106300
/localization/kinematic_state,138350002061,1785624032062053852,110051197751232,138350002061,0
/tf,138350002061,1785624032064336026,110051200033181,138350002061,0
/sensing/lidar/top/pointcloud_raw_ex,138350002061,1785624032072862825,110051208560465,138350002061,114956
/localization/kinematic_state,138400002062,1785624032112093343,110051247790565,138400002062,0
/tf,138400002062,1785624032112128582,110051247825440,138400002062,0
/sensing/lidar/top/pointcloud_raw_ex,138400002062,1785624032120743650,110051256441624,138400002062,106460
/localization/kinematic_state,138450002063,1785624032163782984,110051299480340,138450002063,0
/tf,138450002063,1785624032169179936,110051304877130,138450002063,0
/sensing/lidar/top/pointcloud_raw_ex,138450002063,1785624032174464940,110051310162849,138450002063,113100
/localization/pose_estimator/pose_with_covariance,138400002062,1785624032204830154,110051340527542,138450002063,0
/tf,138500002063,1785624032211157352,110051346854600,138500002063,0
/localization/kinematic_state,138500002063,1785624032212248160,110051347945358,138500002063,0
/sensing/lidar/top/pointcloud_raw_ex,138500002063,1785624032221278961,110051356976649,138500002063,107852
/sensing/lidar/top/pointcloud_raw_ex,138550002064,1785624032272314447,110051408012184,138550002064,113036
/tf,138550002064,1785624032275267363,110051410964609,138550002064,0
/localization/kinematic_state,138550002064,1785624032275369154,110051411066084,138550002064,0
/sensing/lidar/top/pointcloud_raw_ex,138600002065,1785624032321269683,110051456967201,138600002065,105468
/localization/kinematic_state,138600002065,1785624032323132000,110051458829325,138600002065,0
/tf,138600002065,1785624032327757699,110051463454969,138600002065,0
/tf,138650002066,1785624032359750052,110051495447323,138650002066,0
/localization/kinematic_state,138650002066,1785624032359792392,110051495489265,138650002066,0
/sensing/lidar/top/pointcloud_raw_ex,138650002066,1785624032374982571,110051510680119,138650002066,113804
/sensing/lidar/top/pointcloud_raw_ex,138700002066,1785624032422296367,110051557994018,138700002066,106348
/tf,138700002066,1785624032424276859,110051559974076,138700002066,0
/localization/kinematic_state,138700002066,1785624032425701936,110051561399128,138700002066,0
/tf,138750002067,1785624032466652596,110051602349944,138750002067,0
/localization/kinematic_state,138750002067,1785624032467438909,110051603135976,138750002067,0
/sensing/lidar/top/pointcloud_raw_ex,138750002067,1785624032472500839,110051608198268,138750002067,114556
/localization/pose_estimator/pose_with_covariance,138700002066,1785624032510460912,110051646158223,138800002068,0
/tf,138800002068,1785624032514963773,110051650661142,138800002068,0
/localization/kinematic_state,138800002068,1785624032515163835,110051650860931,138800002068,0
/sensing/lidar/top/pointcloud_raw_ex,138800002068,1785624032524297690,110051659995184,138800002068,105900
/sensing/lidar/top/pointcloud_raw_ex,138850002069,1785624032572116000,110051707813330,138850002069,113212
/localization/kinematic_state,138850002069,1785624032576953937,110051712651171,138850002069,0
/tf,138850002069,1785624032576973694,110051712670519,138850002069,0
/localization/kinematic_state,138900002069,1785624032610225353,110051745922590,138900002069,0
/tf,138900002069,1785624032610245366,110051745942208,138900002069,0
/sensing/lidar/top/pointcloud_raw_ex,138900002069,1785624032621070580,110051756768014,138900002069,107020
/localization/kinematic_state,138950002070,1785624032670756356,110051806453534,138950002070,0
/sensing/lidar/top/pointcloud_raw_ex,138950002070,1785624032672512438,110051808210126,138950002070,114332
/tf,138950002070,1785624032676376813,110051812073987,138950002070,0
/tf,139000002071,1785624032717367047,110051853064356,139000002071,0
/localization/kinematic_state,139000002071,1785624032717571442,110051853268504,139000002071,0
/sensing/lidar/top/pointcloud_raw_ex,139000002071,1785624032723883569,110051859581078,139000002071,106300
/tf,139050002072,1785624032764040808,110051899738118,139050002072,0
/localization/kinematic_state,139050002072,1785624032764083036,110051899779889,139050002072,0
/sensing/lidar/top/pointcloud_raw_ex,139050002072,1785624032777910717,110051913608212,139050002072,114412
/localization/kinematic_state,139100002072,1785624032809589272,110051945286497,139100002072,0
/tf,139100002072,1785624032809663559,110051945360391,139100002072,0
/sensing/lidar/top/pointcloud_raw_ex,139100002072,1785624032822695824,110051958393406,139100002072,106412
/localization/kinematic_state,139150002073,1785624032862130667,110051997827857,139150002073,0
/tf,139150002073,1785624032866986918,110052002684236,139150002073,0
/sensing/lidar/top/pointcloud_raw_ex,139150002073,1785624032870641706,110052006339264,139150002073,113612
/localization/kinematic_state,139200002074,1785624032911521099,110052047218307,139200002074,0
/tf,139200002074,1785624032915487171,110052051184418,139200002074,0
/sensing/lidar/top/pointcloud_raw_ex,139200002074,1785624032921694742,110052057392247,139200002074,106284
/localization/kinematic_state,139250002074,1785624032960542447,110052096239861,139250002074,0
/tf,139250002074,1785624032962115418,110052097812421,139250002074,0
/control/command/control_cmd,139200002074,1785624032962845278,110052098542497,139250002074,80
/sensing/lidar/top/pointcloud_raw_ex,139250002074,1785624032972878087,110052108575913,139250002074,112812
/localization/kinematic_state,139300002075,1785624033015615362,110052151312516,139300002075,0
/tf,139300002075,1785624033015705181,110052151402063,139300002075,0
/sensing/lidar/top/pointcloud_raw_ex,139300002075,1785624033023830875,110052159528318,139300002075,106556
/localization/kinematic_state,139350002076,1785624033062341913,110052198038968,139350002076,0
/tf,139350002076,1785624033064059625,110052199756783,139350002076,0
/sensing/lidar/top/pointcloud_raw_ex,139350002076,1785624033071200836,110052206898538,139350002076,113964
/localization/pose_estimator/pose_with_covariance,139300002075,1785624033107546523,110052243244058,139350002076,0
/tf,139400002077,1785624033116765445,110052252462806,139400002077,0
/localization/kinematic_state,139400002077,1785624033117658494,110052253355579,139400002077,0
/sensing/lidar/top/pointcloud_raw_ex,139400002077,1785624033126474423,110052262172404,139400002077,107564
/tf,139450002077,1785624033169947451,110052305644772,139450002077,0
/localization/kinematic_state,139450002077,1785624033169987677,110052305684563,139450002077,0
/sensing/lidar/top/pointcloud_raw_ex,139450002077,1785624033174987957,110052310685596,139450002077,113532
/localization/kinematic_state,139500002078,1785624033214107192,110052349804500,139500002078,0
/tf,139500002078,1785624033214500808,110052350214285,139500002078,0
/sensing/lidar/top/pointcloud_raw_ex,139500002078,1785624033224152354,110052359850071,139500002078,107948
/localization/kinematic_state,139550002079,1785624033261182347,110052396879711,139550002079,0
/tf,139550002079,1785624033262275547,110052397972552,139550002079,0
/sensing/lidar/top/pointcloud_raw_ex,139550002079,1785624033272803132,110052408500594,139550002079,115324
/tf,139600002080,1785624033323178853,110052458876206,139600002080,0
/localization/kinematic_state,139600002080,1785624033323222104,110052458918956,139600002080,0
/sensing/lidar/top/pointcloud_raw_ex,139600002080,1785624033324309719,110052460007127,139600002080,106204
/localization/kinematic_state,139650002080,1785624033361775134,110052497472575,139650002080,0
/tf,139650002080,1785624033362989673,110052498686704,139650002080,0
/sensing/lidar/top/pointcloud_raw_ex,139650002080,1785624033372014768,110052507712441,139650002080,113644
/tf,139700002081,1785624033416869703,110052552566869,139700002081,0
/localization/kinematic_state,139700002081,1785624033417359966,110052553056971,139700002081,0
/sensing/lidar/top/pointcloud_raw_ex,139700002081,1785624033425163115,110052560860916,139700002081,106220
/sensing/lidar/top/pointcloud_raw_ex,139750002082,1785624033473246354,110052608943798,139750002082,115660
/localization/kinematic_state,139750002082,1785624033477301805,110052612998971,139750002082,0
/tf,139750002082,1785624033478085316,110052613782390,139750002082,0
/localization/pose_estimator/pose_with_covariance,139700002081,1785624033495433114,110052631130340,139750002082,0
/tf,139800002083,1785624033521173364,110052656870686,139800002083,0
/localization/kinematic_state,139800002083,1785624033521740491,110052657437673,139800002083,0
/sensing/lidar/top/pointcloud_raw_ex,139800002083,1785624033522264910,110052657962053,139800002083,105772
/localization/kinematic_state,139850002083,1785624033566852618,110052702549891,139850002083,0
/tf,139850002083,1785624033566888442,110052702585282,139850002083,0
/sensing/lidar/top/pointcloud_raw_ex,139850002083,1785624033576731242,110052712428930,139850002083,115356
/tf,139900002084,1785624033612507077,110052748204342,139900002084,0
/localization/kinematic_state,139900002084,1785624033612690352,110052748387315,139900002084,0
/localization/pose_estimator/pose_with_covariance,139800002083,1785624033617146742,110052752844053,139900002084,0
/sensing/lidar/top/pointcloud_raw_ex,139900002084,1785624033626952251,110052762650165,139900002084,107244
/localization/kinematic_state,139950002085,1785624033661979259,110052797676408,139950002085,0
/tf,139950002085,1785624033662478310,110052798175252,139950002085,0
/sensing/lidar/top/pointcloud_raw_ex,139950002085,1785624033674834805,110052810532305,139950002085,116316
/localization/kinematic_state,140000002086,1785624033717782029,110052853479359,140000002086,0
/tf,140000002086,1785624033717817760,110052853514606,140000002086,0
/sensing/lidar/top/pointcloud_raw_ex,140000002086,1785624033726410313,110052862108242,140000002086,106444
/localization/kinematic_state,140050002086,1785624033766439618,110052902136931,140050002086,0
/tf,140050002086,1785624033771399713,110052907096855,140050002086,0
/sensing/lidar/top/pointcloud_raw_ex,140050002086,1785624033773784827,110052909482548,140050002086,112972
/localization/pose_estimator/pose_with_covariance,140000002086,1785624033786238436,110052921935830,140050002086,0
/sensing/lidar/top/pointcloud_raw_ex,140100002087,1785624033825943048,110052961640878,140100002087,106252
/localization/kinematic_state,140150002088,1785624033867106647,110053002804088,140150002088,0
/tf,140150002088,1785624033868048820,110053003745961,140150002088,0
/sensing/lidar/top/pointcloud_raw_ex,140150002088,1785624033876868908,110053012566489,140150002088,114220
/localization/kinematic_state,140200002089,1785624033925107272,110053060804494,140200002089,0
/sensing/lidar/top/pointcloud_raw_ex,140200002089,1785624033927293629,110053062991038,140200002089,106124
/tf,140200002089,1785624033927323754,110053063020606,140200002089,0
/tf,140250002089,1785624033970391495,110053106088747,140250002089,0
/localization/kinematic_state,140250002089,1785624033972782721,110053108479805,140250002089,0
/sensing/lidar/top/pointcloud_raw_ex,140250002089,1785624033979570537,110053115268127,140250002089,114428
/localization/kinematic_state,140300002090,1785624034015365610,110053151062989,140300002090,0
/tf,140300002090,1785624034015385409,110053151082262,140300002090,0
/sensing/lidar/top/pointcloud_raw_ex,140300002090,1785624034027433687,110053163131023,140300002090,107324
/localization/pose_estimator/pose_with_covariance,140200002089,1785624034033829442,110053169526614,140300002090,0
/tf,140350002091,1785624034071245471,110053206942759,140350002091,0
/localization/kinematic_state,140350002091,1785624034072193579,110053207890774,140350002091,0
/sensing/lidar/top/pointcloud_raw_ex,140350002091,1785624034078590962,110053214288550,140350002091,113596
/tf,140400002092,1785624034114975797,110053250673106,140400002092,0
/localization/kinematic_state,140400002092,1785624034115803419,110053251500713,140400002092,0
/sensing/lidar/top/pointcloud_raw_ex,140400002092,1785624034128005367,110053263703368,140400002092,105740
/tf,140450002092,1785624034172338277,110053308035496,140450002092,0
/localization/kinematic_state,140450002092,1785624034173550235,110053309247390,140450002092,0
/sensing/lidar/top/pointcloud_raw_ex,140450002092,1785624034180601481,110053316298882,140450002092,114236
/localization/kinematic_state,140500002093,1785624034215631284,110053351328442,140500002093,0
/tf,140500002093,1785624034215651470,110053351348313,140500002093,0
/sensing/lidar/top/pointcloud_raw_ex,140500002093,1785624034229883489,110053365581082,140500002093,106044
/tf,140550002094,1785624034269424759,110053405121982,140550002094,0
/localization/kinematic_state,140550002094,1785624034269804440,110053405501479,140550002094,0
/sensing/lidar/top/pointcloud_raw_ex,140550002094,1785624034279956567,110053415654121,140550002094,114300
/localization/kinematic_state,140600002095,1785624034322371833,110053458069067,140600002095,0
/tf,140600002095,1785624034322394031,110053458090894,140600002095,0
/sensing/lidar/top/pointcloud_raw_ex,140600002095,1785624034326721418,110053462418993,140600002095,106396
/tf,140650002095,1785624034366354762,110053502051776,140650002095,0
/localization/kinematic_state,140650002095,1785624034366399741,110053502096609,140650002095,0
/sensing/lidar/top/pointcloud_raw_ex,140650002095,1785624034379205849,110053514903401,140650002095,112828
/localization/kinematic_state,140700002096,1785624034426502394,110053562199603,140700002096,0
/sensing/lidar/top/pointcloud_raw_ex,140700002096,1785624034428875544,110053564573279,140700002096,106300
/tf,140700002096,1785624034428919093,110053564615951,140700002096,0
/tf,140750002097,1785624034467147092,110053602844067,140750002097,0
/localization/kinematic_state,140750002097,1785624034467196719,110053602893627,140750002097,0
/sensing/lidar/top/pointcloud_raw_ex,140750002097,1785624034481698128,110053617395546,140750002097,115820
/localization/pose_estimator/pose_with_covariance,140700002096,1785624034482010141,110053617707258,140750002097,0
/localization/kinematic_state,140800002098,1785624034519638115,110053655335280,140800002098,0
/tf,140800002098,1785624034520239797,110053655936859,140800002098,0
/sensing/lidar/top/pointcloud_raw_ex,140800002098,1785624034529616757,110053665314136,140800002098,105532
/sensing/lidar/top/pointcloud_raw_ex,140850002098,1785624034579488181,110053715185704,140850002098,114252
/tf,140850002098,1785624034579910227,110053715607300,140850002098,0
/localization/kinematic_state,140850002098,1785624034580057533,110053715754511,140850002098,0
/tf,140900002099,1785624034630700110,110053766397446,140900002099,0
/localization/kinematic_state,140900002099,1785624034630997243,110053766694224,140900002099,0
/sensing/lidar/top/pointcloud_raw_ex,140900002099,1785624034633727185,110053769424747,140900002099,106764
/tf,140950002100,1785624034667144209,110053802841428,140950002100,0
/localization/kinematic_state,140950002100,1785624034667356866,110053803053930,140950002100,0
/sensing/lidar/top/pointcloud_raw_ex,140950002100,1785624034679105676,110053814803614,140950002100,112908
/tf,141000002101,1785624034718064488,110053853761667,141000002101,0
/localization/kinematic_state,141000002101,1785624034718277853,110053853974810,141000002101,0
/sensing/lidar/top/pointcloud_raw_ex,141000002101,1785624034728145828,110053863843562,141000002101,106972
/tf,141050002101,1785624034769425191,110053905122471,141050002101,0
/localization/kinematic_state,141050002101,1785624034769576681,110053905273687,141050002101,0
/sensing/lidar/top/pointcloud_raw_ex,141050002101,1785624034782255766,110053917953474,141050002101,113932
/tf,141100002102,1785624034819325036,110053955022411,141100002102,0
/localization/kinematic_state,141100002102,1785624034819505018,110053955202069,141100002102,0
/sensing/lidar/top/pointcloud_raw_ex,141100002102,1785624034833246363,110053968944388,141100002102,104156
/localization/pose_estimator/pose_with_covariance,141000002101,1785624034859409405,110053995106662,141100002102,0
/localization/kinematic_state,141150002103,1785624034872948613,110054008645896,141150002103,0
/tf,141150002103,1785624034880481806,110054016179188,141150002103,0
/sensing/lidar/top/pointcloud_raw_ex,141150002103,1785624034883725736,110054019423372,141150002103,114636
/localization/pose_estimator/pose_with_covariance,141100002102,1785624034888879223,110054024576862,141150002103,0
/tf,141200002104,1785624034919490357,110054055187869,141200002104,0
/localization/kinematic_state,141200002104,1785624034919531671,110054055228561,141200002104,0
/sensing/lidar/top/pointcloud_raw_ex,141200002104,1785624034929414467,110054065111947,141200002104,106444
/localization/kinematic_state,141250002104,1785624034980206450,110054115903668,141250002104,0
/tf,141250002104,1785624034980408952,110054116106059,141250002104,0
/sensing/lidar/top/pointcloud_raw_ex,141250002104,1785624034981875194,110054117572748,141250002104,114284
/localization/kinematic_state,141300002105,1785624035023786789,110054159483977,141300002105,0
/tf,141300002105,1785624035024347688,110054160044757,141300002105,0
/sensing/lidar/top/pointcloud_raw_ex,141300002105,1785624035033616209,110054169313826,141300002105,106716
/tf,141350002106,1785624035069417272,110054205114395,141350002106,0
/localization/kinematic_state,141350002106,1785624035069533450,110054205230287,141350002106,0
/sensing/lidar/top/pointcloud_raw_ex,141350002106,1785624035084402687,110054220100371,141350002106,114204
/localization/kinematic_state,141400002107,1785624035121728203,110054257425499,141400002107,0
/tf,141400002107,1785624035124408684,110054260105856,141400002107,0
/sensing/lidar/top/pointcloud_raw_ex,141400002107,1785624035134900787,110054270598450,141400002107,106780
/tf,141450002107,1785624035175128342,110054310825544,141450002107,0
/localization/kinematic_state,141450002107,1785624035175175416,110054310872314,141450002107,0
/sensing/lidar/top/pointcloud_raw_ex,141450002107,1785624035180674367,110054316372253,141450002107,113724
/tf,141500002108,1785624035228355475,110054364052674,141500002108,0
/localization/kinematic_state,141500002108,1785624035228545612,110054364242568,141500002108,0
/sensing/lidar/top/pointcloud_raw_ex,141500002108,1785624035233470871,110054369168708,141500002108,106380
/tf,141550002109,1785624035273370591,110054409067837,141550002109,0
/localization/kinematic_state,141550002109,1785624035273656743,110054409353803,141550002109,0
/sensing/lidar/top/pointcloud_raw_ex,141550002109,1785624035282182457,110054417880199,141550002109,115052
/localization/kinematic_state,141600002110,1785624035323341183,110054459038625,141600002110,0
/sensing/lidar/top/pointcloud_raw_ex,141600002110,1785624035333889984,110054469587524,141600002110,105708
/tf,141600002110,1785624035333926862,110054469623719,141600002110,0
/localization/kinematic_state,141650002110,1785624035379362440,110054515059657,141650002110,0
/sensing/lidar/top/pointcloud_raw_ex,141650002110,1785624035383882321,110054519579986,141650002110,115244
/tf,141650002110,1785624035386467374,110054522164631,141650002110,0
/sensing/lidar/top/pointcloud_raw_ex,141700002111,1785624035429123609,110054564821288,141700002111,106348
/tf,141700002111,1785624035429856692,110054565553739,141700002111,0
/localization/kinematic_state,141700002111,1785624035429900576,110054565597466,141700002111,0
/localization/kinematic_state,141750002112,1785624035474189421,110054609886794,141750002112,0
/tf,141750002112,1785624035474405439,110054610102490,141750002112,0
/sensing/lidar/top/pointcloud_raw_ex,141750002112,1785624035483136779,110054618834575,141750002112,115660
/tf,141800002112,1785624035528865721,110054664563015,141800002112,0
/localization/kinematic_state,141800002112,1785624035529114721,110054664811710,141800002112,0
/sensing/lidar/top/pointcloud_raw_ex,141800002112,1785624035533754906,110054669452558,141800002112,107148
/tf,141850002113,1785624035571996771,110054707693902,141850002113,0
/localization/kinematic_state,141850002113,1785624035572549257,110054708246274,141850002113,0
/sensing/lidar/top/pointcloud_raw_ex,141850002113,1785624035583211341,110054718909307,141850002113,113708
/localization/kinematic_state,141900002114,1785624035622859533,110054758556698,141900002114,0
/tf,141900002114,1785624035624394430,110054760091566,141900002114,0
/sensing/lidar/top/pointcloud_raw_ex,141900002114,1785624035636771771,110054772469407,141900002114,105084
/localization/kinematic_state,141950002115,1785624035675163181,110054810860409,141950002115,0
/tf,141950002115,1785624035676437912,110054812135027,141950002115,0
/sensing/lidar/top/pointcloud_raw_ex,141950002115,1785624035688231396,110054823929124,141950002115,114748
/sensing/lidar/top/pointcloud_raw_ex,142000002115,1785624035737051235,110054872748868,142000002115,104780
/localization/kinematic_state,142000002115,1785624035738744723,110054874442027,142000002115,0
/tf,142000002115,1785624035738768618,110054874465460,142000002115,0
/localization/kinematic_state,142050002116,1785624035773318306,110054909015625,142050002116,0
/tf,142050002116,1785624035785289273,110054920986496,142050002116,0
/sensing/lidar/top/pointcloud_raw_ex,142050002116,1785624035786562640,110054922260112,142050002116,114156
/tf,142100002117,1785624035827180905,110054962878155,142100002117,0
/localization/kinematic_state,142100002117,1785624035827423438,110054963120478,142100002117,0
/sensing/lidar/top/pointcloud_raw_ex,142100002117,1785624035836367658,110054972065661,142100002117,105852
/localization/kinematic_state,142150002118,1785624035882535817,110055018233191,142150002118,0
/tf,142150002118,1785624035883888839,110055019586052,142150002118,0
/sensing/lidar/top/pointcloud_raw_ex,142150002118,1785624035887085818,110055022783712,142150002118,115452
/tf,142200002118,1785624035928782533,110055064479793,142200002118,0
/localization/kinematic_state,142200002118,1785624035928837192,110055064534052,142200002118,0
/sensing/lidar/top/pointcloud_raw_ex,142200002118,1785624035936468464,110055072166063,142200002118,106412
/localization/pose_estimator/pose_with_covariance,142100002117,1785624035966611300,110055102308556,142200002118,0
/localization/kinematic_state,142250002119,1785624035974432343,110055110129531,142250002119,0
/tf,142250002119,1785624035976135747,110055111832953,142250002119,0
/sensing/lidar/top/pointcloud_raw_ex,142250002119,1785624035985734522,110055121431745,142250002119,115148
/localization/kinematic_state,142300002120,1785624036025018263,110055160715582,142300002120,0
/tf,142300002120,1785624036025047781,110055160744644,142300002120,0
/sensing/lidar/top/pointcloud_raw_ex,142300002120,1785624036038941814,110055174639423,142300002120,107292
/localization/kinematic_state,142350002121,1785624036076404358,110055212101589,142350002121,0
/localization/pose_estimator/pose_with_covariance,142250002119,1785624036079645191,110055215342473,142350002121,0
/tf,142350002121,1785624036079781131,110055215478007,142350002121,0
/sensing/lidar/top/pointcloud_raw_ex,142350002121,1785624036089921935,110055225619328,142350002121,114716
/localization/kinematic_state,142400002121,1785624036133687588,110055269384760,142400002121,0
/sensing/lidar/top/pointcloud_raw_ex,142400002121,1785624036136356435,110055272054009,142400002121,106220
/tf,142400002121,1785624036138056297,110055273753383,142400002121,0
/localization/kinematic_state,142450002122,1785624036176949726,110055312646953,142450002122,0
/tf,142450002122,1785624036180482151,110055316179568,142450002122,0
/sensing/lidar/top/pointcloud_raw_ex,142450002122,1785624036187384652,110055323082080,142450002122,115340
/control/command/control_cmd,142450002122,1785624036219174707,110055354872132,142450002122,80
/localization/kinematic_state,142500002123,1785624036233596005,110055369293217,142500002123,0
/tf,142500002123,1785624036233619158,110055369315998,142500002123,0
/sensing/lidar/top/pointcloud_raw_ex,142500002123,1785624036237660360,110055373358135,142500002123,105548
/tf,142550002124,1785624036276294791,110055411992046,142550002124,0
/localization/kinematic_state,142550002124,1785624036276573383,110055412270410,142550002124,0
/sensing/lidar/top/pointcloud_raw_ex,142550002124,1785624036288488631,110055424186252,142550002124,116380
/localization/kinematic_state,142600002124,1785624036336645298,110055472342753,142600002124,0
/tf,142600002124,1785624036336681855,110055472378687,142600002124,0
/sensing/lidar/top/pointcloud_raw_ex,142600002124,1785624036341910295,110055477608097,142600002124,107564
/localization/pose_estimator/pose_with_covariance,142550002124,1785624036368470241,110055504167436,142600002124,0
/tf,142650002125,1785624036376837001,110055512534220,142650002125,0
/localization/kinematic_state,142650002125,1785624036377551106,110055513248287,142650002125,0
/sensing/lidar/top/pointcloud_raw_ex,142650002125,1785624036390571198,110055526268956,142650002125,114796
/localization/kinematic_state,142700002126,1785624036428522555,110055564219751,142700002126,0
/tf,142700002126,1785624036435853790,110055571551051,142700002126,0
/sensing/lidar/top/pointcloud_raw_ex,142700002126,1785624036438497225,110055574194957,142700002126,106060
/localization/pose_estimator/pose_with_covariance,142600002124,1785624036449444323,110055585141757,142700002126,0
/localization/kinematic_state,142750002127,1785624036478512110,110055614209382,142750002127,0
/tf,142750002127,1785624036485323370,110055621020651,142750002127,0
/sensing/lidar/top/pointcloud_raw_ex,142750002127,1785624036490085288,110055625782839,142750002127,114796
/localization/pose_estimator/pose_with_covariance,142650002125,1785624036501763757,110055637461099,142750002127,0
/localization/kinematic_state,142800002127,1785624036539276202,110055674973563,142800002127,0
/sensing/lidar/top/pointcloud_raw_ex,142800002127,1785624036539767196,110055675464165,142800002127,105996
/tf,142800002127,1785624036541146177,110055676843408,142800002127,0
/sensing/lidar/top/pointcloud_raw_ex,142850002128,1785624036590742010,110055726439497,142850002128,113644
/tf,142850002128,1785624036592746709,110055728443937,142850002128,0
/localization/kinematic_state,142850002128,1785624036592809736,110055728506641,142850002128,0
/localization/kinematic_state,142900002129,1785624036627089652,110055762786874,142900002129,0
/tf,142900002129,1785624036627123679,110055762820618,142900002129,0
/sensing/lidar/top/pointcloud_raw_ex,142900002129,1785624036640930313,110055776628217,142900002129,106828
/localization/kinematic_state,142950002130,1785624036677885623,110055813583047,142950002130,0
/tf,142950002130,1785624036678015583,110055813712474,142950002130,0
/sensing/lidar/top/pointcloud_raw_ex,142950002130,1785624036688703335,110055824401105,142950002130,113804
/tf,143000002130,1785624036732903242,110055868600565,143000002130,0
/localization/kinematic_state,143000002130,1785624036733335355,110055869032335,143000002130,0
/control/command/control_cmd,143000002130,1785624036738696273,110055874393749,143000002130,80
/sensing/lidar/top/pointcloud_raw_ex,143000002130,1785624036741918019,110055877615582,143000002130,107500
/tf,143050002131,1785624036779167786,110055914864965,143050002131,0
/localization/kinematic_state,143050002131,1785624036779301027,110055914998069,143050002131,0
/sensing/lidar/top/pointcloud_raw_ex,143050002131,1785624036794765409,110055930462910,143050002131,114204
/localization/pose_estimator/pose_with_covariance,143050002131,1785624036830908573,110055966605835,143100002132,0
/localization/kinematic_state,143100002132,1785624036831588586,110055967285864,143100002132,0
/tf,143100002132,1785624036834816426,110055970513721,143100002132,0
/sensing/lidar/top/pointcloud_raw_ex,143100002132,1785624036841784340,110055977481818,143100002132,107644
/localization/kinematic_state,143150002133,1785624036883708120,110056019405570,143150002133,0
/sensing/lidar/top/pointcloud_raw_ex,143150002133,1785624036888192328,110056023902250,143150002133,114028
/tf,143150002133,1785624036893250305,110056028947728,143150002133,0
/localization/kinematic_state,143200002133,1785624036931142539,110056066839808,143200002133,0
/tf,143200002133,1785624036933303131,110056069007797,143200002133,0
/sensing/lidar/top/pointcloud_raw_ex,143200002133,1785624036941197873,110056076895610,143200002133,106332
/tf,143250002134,1785624036978268473,110056113965786,143250002134,0
/localization/kinematic_state,143250002134,1785624036981249277,110056116946474,143250002134,0
/sensing/lidar/top/pointcloud_raw_ex,143250002134,1785624036991804146,110056127501489,143250002134,115868
/localization/kinematic_state,143300002135,1785624037031144025,110056166841013,143300002135,0
/tf,143300002135,1785624037032833568,110056168530509,143300002135,0
/sensing/lidar/top/pointcloud_raw_ex,143300002135,1785624037038874289,110056174571760,143300002135,105340
/control/command/control_cmd,143300002135,1785624037066332036,110056202029809,143300002135,80
/localization/kinematic_state,143350002136,1785624037086782568,110056222479725,143350002136,0
/tf,143350002136,1785624037088278013,110056223975071,143350002136,0
/sensing/lidar/top/pointcloud_raw_ex,143350002136,1785624037090775854,110056226473297,143350002136,115820
/localization/pose_estimator/pose_with_covariance,143300002135,1785624037095172083,110056230869482,143350002136,0
/tf,143400002136,1785624037130764660,110056266462168,143400002136,0
/localization/kinematic_state,143400002136,1785624037131213224,110056266910240,143400002136,0
/sensing/lidar/top/pointcloud_raw_ex,143400002136,1785624037141179315,110056276877169,143400002136,105836
/control/command/control_cmd,143350002136,1785624037145625686,110056281323817,143400002136,80
/localization/kinematic_state,143450002137,1785624037182954700,110056318651950,143450002137,0
/tf,143450002137,1785624037182985374,110056318682230,143450002137,0
/sensing/lidar/top/pointcloud_raw_ex,143450002137,1785624037193505173,110056329203009,143450002137,112764
/localization/kinematic_state,143500002138,1785624037240203829,110056375901067,143500002138,0
/tf,143500002138,1785624037240222892,110056375919728,143500002138,0
/sensing/lidar/top/pointcloud_raw_ex,143500002138,1785624037241814268,110056377511283,143500002138,105964
/localization/kinematic_state,143550002139,1785624037281390472,110056417087447,143550002139,0
/tf,143550002139,1785624037281404880,110056417101702,143550002139,0
/sensing/lidar/top/pointcloud_raw_ex,143550002139,1785624037290754775,110056426452123,143550002139,114172
/tf,143600002139,1785624037337352281,110056473049290,143600002139,0
/localization/kinematic_state,143600002139,1785624037337389723,110056473086581,143600002139,0
/sensing/lidar/top/pointcloud_raw_ex,143600002139,1785624037340181070,110056475878544,143600002139,106044
/localization/pose_estimator/pose_with_covariance,143500002138,1785624037348812101,110056484509081,143600002139,0
/localization/kinematic_state,143650002140,1785624037386229087,110056521926391,143650002140,0
/tf,143650002140,1785624037386265381,110056521962237,143650002140,0
/sensing/lidar/top/pointcloud_raw_ex,143650002140,1785624037394219735,110056529917452,143650002140,114924
/localization/kinematic_state,143700002141,1785624037437927542,110056573624782,143700002141,0
/tf,143700002141,1785624037439978530,110056575675775,143700002141,0
/sensing/lidar/top/pointcloud_raw_ex,143700002141,1785624037442262693,110056577960299,143700002141,106252
/localization/kinematic_state,143750002142,1785624037485794492,110056621492022,143750002142,0
/tf,143750002142,1785624037487858268,110056623555295,143750002142,0
/sensing/lidar/top/pointcloud_raw_ex,143750002142,1785624037494296028,110056629993706,143750002142,114332
/localization/kinematic_state,143800002142,1785624037531832650,110056667529831,143800002142,0
/tf,143800002142,1785624037531995317,110056667692197,143800002142,0
/sensing/lidar/top/pointcloud_raw_ex,143800002142,1785624037544362166,110056680059706,143800002142,105020
/tf,143850002143,1785624037581984164,110056717681383,143850002143,0
/localization/kinematic_state,143850002143,1785624037582297951,110056717995012,143850002143,0
/sensing/lidar/top/pointcloud_raw_ex,143850002143,1785624037594088517,110056729786075,143850002143,113708
/localization/pose_estimator/pose_with_covariance,143800002142,1785624037627190682,110056762887910,143850002143,0
/sensing/lidar/top/pointcloud_raw_ex,143900002144,1785624037640399377,110056776097073,143900002144,107724
/tf,143900002144,1785624037642628013,110056778325215,143900002144,0
/localization/kinematic_state,143900002144,1785624037642690119,110056778386998,143900002144,0
/sensing/lidar/top/pointcloud_raw_ex,143950002145,1785624037692536891,110056828234493,143950002145,113500
/localization/kinematic_state,143950002145,1785624037701074394,110056836771674,143950002145,0
/tf,143950002145,1785624037701834346,110056837531400,143950002145,0
/localization/kinematic_state,144000002145,1785624037737175051,110056872872289,144000002145,0
/tf,144000002145,1785624037737556535,110056873253638,144000002145,0
/localization/pose_estimator/pose_with_covariance,143950002145,1785624037741492132,110056877189308,144000002145,0
/sensing/lidar/top/pointcloud_raw_ex,144000002145,1785624037742183416,110056877880605,144000002145,105804
/localization/kinematic_state,144050002146,1785624037789343641,110056925040873,144050002146,0
/tf,144050002146,1785624037789707608,110056925404531,144050002146,0
/sensing/lidar/top/pointcloud_raw_ex,144050002146,1785624037792606308,110056928303765,144050002146,114540
/localization/pose_estimator/pose_with_covariance,144050002146,1785624037824347810,110056960044984,144050002146,0
/localization/kinematic_state,144100002147,1785624037833228778,110056968926155,144100002147,0
/tf,144100002147,1785624037833249056,110056968945904,144100002147,0
/sensing/lidar/top/pointcloud_raw_ex,144100002147,1785624037843152036,110056978849829,144100002147,106940
/localization/kinematic_state,144150002148,1785624037886352341,110057022049689,144150002148,0
/tf,144150002148,1785624037886874387,110057022571300,144150002148,0
/sensing/lidar/top/pointcloud_raw_ex,144150002148,1785624037893122548,110057028820319,144150002148,113852
/localization/kinematic_state,144200002148,1785624037933286111,110057068983264,144200002148,0
/tf,144200002148,1785624037940949225,110057076646522,144200002148,0
/sensing/lidar/top/pointcloud_raw_ex,144200002148,1785624037941115698,110057076812594,144200002148,106988
/localization/kinematic_state,144250002149,1785624037981216126,110057116913324,144250002149,0
/tf,144250002149,1785624037981236072,110057116932911,144250002149,0
/sensing/lidar/top/pointcloud_raw_ex,144250002149,1785624037994108487,110057129805915,144250002149,113180
/tf,144300002150,1785624038032698751,110057168395961,144300002150,0
/localization/kinematic_state,144300002150,1785624038032965965,110057168662935,144300002150,0
/sensing/lidar/top/pointcloud_raw_ex,144300002150,1785624038042933686,110057178631100,144300002150,106700
/localization/pose_estimator/pose_with_covariance,144250002149,1785624038077698809,110057213396036,144300002150,0
/tf,144350002150,1785624038081425993,110057217123304,144350002150,0
/localization/kinematic_state,144350002150,1785624038083292807,110057218989906,144350002150,0
/control/command/control_cmd,144350002150,1785624038086060205,110057221757786,144350002150,80
/sensing/lidar/top/pointcloud_raw_ex,144350002150,1785624038094450719,110057230148515,144350002150,116156
/localization/kinematic_state,144400002151,1785624038132682880,110057268380127,144400002151,0
/tf,144400002151,1785624038133105195,110057268802196,144400002151,0
/sensing/lidar/top/pointcloud_raw_ex,144400002151,1785624038144714423,110057280412172,144400002151,106348
/localization/kinematic_state,144450002152,1785624038183091965,110057318789286,144450002152,0
/tf,144450002152,1785624038183446294,110057319143374,144450002152,0
/sensing/lidar/top/pointcloud_raw_ex,144450002152,1785624038197276901,110057332974346,144450002152,113212
/tf,144500002153,1785624038237436346,110057373133823,144500002153,0
/localization/kinematic_state,144500002153,1785624038238371155,110057374068182,144500002153,0
/sensing/lidar/top/pointcloud_raw_ex,144500002153,1785624038240979889,110057376677682,144500002153,104780
/tf,144550002153,1785624038286824430,110057422521719,144550002153,0
/localization/kinematic_state,144550002153,1785624038287540280,110057423237386,144550002153,0
/sensing/lidar/top/pointcloud_raw_ex,144550002153,1785624038295704439,110057431402192,144550002153,115820
/tf,144600002154,1785624038332366408,110057468063666,144600002154,0
/localization/kinematic_state,144600002154,1785624038332703236,110057468400267,144600002154,0
/sensing/lidar/top/pointcloud_raw_ex,144600002154,1785624038348846444,110057484544072,144600002154,106332
/tf,144650002155,1785624038387249655,110057522946743,144650002155,0
/localization/kinematic_state,144650002155,1785624038389751856,110057525449050,144650002155,0
/sensing/lidar/top/pointcloud_raw_ex,144650002155,1785624038394408494,110057530106043,144650002155,115660
/control/command/control_cmd,144400002151,1785624038398493959,110057534191964,144650002155,80
/tf,144700002156,1785624038440938880,110057576636205,144700002156,0
/localization/kinematic_state,144700002156,1785624038440987978,110057576684883,144700002156,0
/sensing/lidar/top/pointcloud_raw_ex,144700002156,1785624038446811917,110057582509730,144700002156,107308
/control/command/control_cmd,144400002151,1785624038482649524,110057618347252,144750002156,80
/tf,144750002156,1785624038485416135,110057621113380,144750002156,0
/localization/kinematic_state,144750002156,1785624038485510767,110057621207668,144750002156,0
/control/command/control_cmd,144400002151,1785624038485959875,110057621657044,144750002156,80
/sensing/lidar/top/pointcloud_raw_ex,144750002156,1785624038496626393,110057632324143,144750002156,114588
/tf,144800002157,1785624038536156099,110057671853161,144800002157,0
/localization/kinematic_state,144800002157,1785624038536544752,110057672241729,144800002157,0
/sensing/lidar/top/pointcloud_raw_ex,144800002157,1785624038548890890,110057684588381,144800002157,107676
/tf,144850002158,1785624038591733757,110057727430977,144850002158,0
/localization/kinematic_state,144850002158,1785624038592130320,110057727827170,144850002158,0
/sensing/lidar/top/pointcloud_raw_ex,144850002158,1785624038598338691,110057734035789,144850002158,114668
/control/command/control_cmd,144850002158,1785624038615430831,110057751128311,144850002158,80
/localization/pose_estimator/pose_with_covariance,144750002156,1785624038622169961,110057757867220,144850002158,0
/localization/kinematic_state,144900002159,1785624038635901643,110057771598741,144900002159,0
/tf,144900002159,1785624038638964249,110057774661307,144900002159,0
/sensing/lidar/top/pointcloud_raw_ex,144900002159,1785624038648509089,110057784206492,144900002159,106076
/control/command/control_cmd,144950002159,1785624038685830865,110057821528542,144950002159,80
/tf,144950002159,1785624038693915350,110057829612580,144950002159,0
/localization/kinematic_state,144950002159,1785624038694351547,110057830048554,144950002159,0
/sensing/lidar/top/pointcloud_raw_ex,144950002159,1785624038699623785,110057835321415,144950002159,113724
/sensing/lidar/top/pointcloud_raw_ex,145000002160,1785624038747412485,110057883110032,145000002160,105436
/tf,145000002160,1785624038748282381,110057883979336,145000002160,0
/localization/kinematic_state,145000002160,1785624038748398092,110057884094973,145000002160,0
/tf,145050002161,1785624038786184890,110057921882109,145050002161,0
/localization/kinematic_state,145050002161,1785624038786222865,110057921919721,145050002161,0
/sensing/lidar/top/pointcloud_raw_ex,145050002161,1785624038800623962,110057936321696,145050002161,113804
/localization/kinematic_state,145100002162,1785624038844884828,110057980582018,145100002162,0
/tf,145100002162,1785624038846375127,110057982072432,145100002162,0
/sensing/lidar/top/pointcloud_raw_ex,145100002162,1785624038848203879,110057983901203,145100002162,106124
/localization/kinematic_state,145150002162,1785624038888444273,110058024141429,145150002162,0
/tf,145150002162,1785624038892134120,110058027831319,145150002162,0
/sensing/lidar/top/pointcloud_raw_ex,145150002162,1785624038898178256,110058033875662,145150002162,113500
/localization/kinematic_state,145200002163,1785624038940110755,110058075807997,145200002163,0
/tf,145200002163,1785624038944006646,110058079703780,145200002163,0
/sensing/lidar/top/pointcloud_raw_ex,145200002163,1785624038948831080,110058084528731,145200002163,105628
/tf,145250002164,1785624038989648330,110058125345597,145250002164,0
/localization/kinematic_state,145250002164,1785624038989696584,110058125393597,145250002164,0
/sensing/lidar/top/pointcloud_raw_ex,145250002164,1785624038997747397,110058133444797,145250002164,114284
/tf,145300002165,1785624039040477480,110058176174723,145300002165,0
/localization/kinematic_state,145300002165,1785624039040662377,110058176359433,145300002165,0
/sensing/lidar/top/pointcloud_raw_ex,145300002165,1785624039048764498,110058184462194,145300002165,106300
/localization/kinematic_state,145350002165,1785624039100343145,110058236040191,145350002165,0
/sensing/lidar/top/pointcloud_raw_ex,145350002165,1785624039100679398,110058236376235,145350002165,113276
/tf,145350002165,1785624039105931054,110058241628261,145350002165,0
/tf,145400002166,1785624039139757195,110058275454413,145400002166,0
/localization/kinematic_state,145400002166,1785624039139896559,110058275593640,145400002166,0
/localization/pose_estimator/pose_with_covariance,145350002165,1785624039145842510,110058281539784,145400002166,0
/sensing/lidar/top/pointcloud_raw_ex,145400002166,1785624039148124940,110058283822585,145400002166,106412
/tf,145450002167,1785624039187625607,110058323322866,145450002167,0
/localization/kinematic_state,145450002167,1785624039188091973,110058323789307,145450002167,0
/sensing/lidar/top/pointcloud_raw_ex,145450002167,1785624039198126727,110058333824614,145450002167,114796
/tf,145500002168,1785624039245114495,110058380811812,145500002168,0
/localization/kinematic_state,145500002168,1785624039245341739,110058381038787,145500002168,0
/sensing/lidar/top/pointcloud_raw_ex,145500002168,1785624039248662583,110058384360167,145500002168,105548
/localization/pose_estimator/pose_with_covariance,145450002167,1785624039288303074,110058424006692,145550002168,0
/localization/kinematic_state,145550002168,1785624039290171639,110058425868683,145550002168,0
/tf,145550002168,1785624039291774138,110058427471226,145550002168,0
/sensing/lidar/top/pointcloud_raw_ex,145550002168,1785624039300991310,110058436688999,145550002168,113932
/tf,145600002169,1785624039338546907,110058474244150,145600002169,0
/localization/kinematic_state,145600002169,1785624039338591987,110058474288838,145600002169,0
/sensing/lidar/top/pointcloud_raw_ex,145600002169,1785624039349790925,110058485488659,145600002169,106476
/sensing/lidar/top/pointcloud_raw_ex,145650002170,1785624039399664443,110058535362290,145650002170,114572
/tf,145650002170,1785624039404104708,110058539802004,145650002170,0
/localization/kinematic_state,145650002170,1785624039404299767,110058539996833,145650002170,0
/localization/pose_estimator/pose_with_covariance,145600002169,1785624039427204641,110058562901951,145650002170,0
/localization/kinematic_state,145700002171,1785624039440642004,110058576338949,145700002171,0
/tf,145700002171,1785624039442936703,110058578633865,145700002171,0
/sensing/lidar/top/pointcloud_raw_ex,145700002171,1785624039449346317,110058585044122,145700002171,105932
/localization/pose_estimator/pose_with_covariance,145650002170,1785624039483942298,110058619639544,145700002171,0
/localization/kinematic_state,145750002171,1785624039495890294,110058631587511,145750002171,0
/tf,145750002171,1785624039499000938,110058634698080,145750002171,0
/sensing/lidar/top/pointcloud_raw_ex,145750002171,1785624039500057938,110058635755219,145750002171,113420
/localization/kinematic_state,145800002172,1785624039541789763,110058677487158,145800002172,0
/tf,145800002172,1785624039548224694,110058683921902,145800002172,0
/sensing/lidar/top/pointcloud_raw_ex,145800002172,1785624039550543127,110058686240551,145800002172,106684
/tf,145850002173,1785624039599121943,110058734819275,145850002173,0
/localization/kinematic_state,145850002173,1785624039599514426,110058735211539,145850002173,0
/sensing/lidar/top/pointcloud_raw_ex,145850002173,1785624039600519083,110058736216431,145850002173,113836
/localization/pose_estimator/pose_with_covariance,145800002172,1785624039605509185,110058741206375,145850002173,0
/sensing/lidar/top/pointcloud_raw_ex,145900002174,1785624039649384103,110058785081504,145900002174,106460
/localization/kinematic_state,145900002174,1785624039649785138,110058785482143,145900002174,0
/tf,145900002174,1785624039653608372,110058789305882,145900002174,0
/tf,145950002174,1785624039696430939,110058832128307,145950002174,0
/localization/kinematic_state,145950002174,1785624039696473427,110058832170308,145950002174,0
/sensing/lidar/top/pointcloud_raw_ex,145950002174,1785624039701356132,110058837053715,145950002174,115116
/localization/kinematic_state,146000002175,1785624039744329690,110058880027107,146000002175,0
/sensing/lidar/top/pointcloud_raw_ex,146000002175,1785624039750270410,110058885967850,146000002175,106956
/tf,146000002175,1785624039751484460,110058887181569,146000002175,0
/tf,146050002176,1785624039793805277,110058929502691,146050002176,0
/localization/kinematic_state,146050002176,1785624039793855284,110058929552208,146050002176,0
/sensing/lidar/top/pointcloud_raw_ex,146050002176,1785624039800131574,110058935829564,146050002176,114348
/localization/kinematic_state,146100002177,1785624039838968563,110058974665829,146100002177,0
/tf,146100002177,1785624039839359526,110058975056558,146100002177,0
/localization/pose_estimator/pose_with_covariance,146000002175,1785624039846250999,110058981948191,146100002177,0
/sensing/lidar/top/pointcloud_raw_ex,146100002177,1785624039850331600,110058986029213,146100002177,105244
/localization/kinematic_state,146150002177,1785624039889331575,110059025028844,146150002177,0
/tf,146150002177,1785624039890841374,110059026538391,146150002177,0
/sensing/lidar/top/pointcloud_raw_ex,146150002177,1785624039899508176,110059035206039,146150002177,114364
/localization/kinematic_state,146200002178,1785624039941133283,110059076830476,146200002178,0
/tf,146200002178,1785624039944088344,110059079785528,146200002178,0
/sensing/lidar/top/pointcloud_raw_ex,146200002178,1785624039950323136,110059086020654,146200002178,107516
/localization/kinematic_state,146250002179,1785624039989469272,110059125166535,146250002179,0
/tf,146250002179,1785624039990382119,110059126079137,146250002179,0
/sensing/lidar/top/pointcloud_raw_ex,146250002179,1785624039999881055,110059135579044,146250002179,112380
/localization/kinematic_state,146300002180,1785624040039808438,110059175505923,146300002180,0
/tf,146300002180,1785624040039832457,110059175529284,146300002180,0
/control/command/control_cmd,146300002180,1785624040041347340,110059177044940,146300002180,80
/sensing/lidar/top/pointcloud_raw_ex,146300002180,1785624040050448423,110059186146122,146300002180,106380
/localization/kinematic_state,146350002180,1785624040092764802,110059228461973,146350002180,0
/tf,146350002180,1785624040093176608,110059228873507,146350002180,0
/sensing/lidar/top/pointcloud_raw_ex,146350002180,1785624040100161488,110059235859211,146350002180,113308
/tf,146400002181,1785624040147595591,110059283292896,146400002181,0
/localization/kinematic_state,146400002181,1785624040147701310,110059283398303,146400002181,0
/sensing/lidar/top/pointcloud_raw_ex,146400002181,1785624040150871081,110059286568530,146400002181,105868
/tf,146450002182,1785624040190757650,110059326454885,146450002182,0
/localization/kinematic_state,146450002182,1785624040191364110,110059327061100,146450002182,0
/sensing/lidar/top/pointcloud_raw_ex,146450002182,1785624040202937976,110059338635641,146450002182,114204
/localization/kinematic_state,146500002183,1785624040239369890,110059375066951,146500002183,0
/tf,146500002183,1785624040249422894,110059385120325,146500002183,0
/sensing/lidar/top/pointcloud_raw_ex,146500002183,1785624040251147088,110059386844746,146500002183,105500
/localization/kinematic_state,146550002183,1785624040291866814,110059427564008,146550002183,0
/tf,146550002183,1785624040293569964,110059429267243,146550002183,0
/sensing/lidar/top/pointcloud_raw_ex,146550002183,1785624040303893381,110059439591057,146550002183,113900
/localization/kinematic_state,146600002184,1785624040342903884,110059478601237,146600002184,0
/tf,146600002184,1785624040343153099,110059478850041,146600002184,0
/sensing/lidar/top/pointcloud_raw_ex,146600002184,1785624040355487996,110059491185550,146600002184,106796
/localization/kinematic_state,146650002185,1785624040390784875,110059526482171,146650002185,0
/tf,146650002185,1785624040392436931,110059528134310,146650002185,0
/sensing/lidar/top/pointcloud_raw_ex,146650002185,1785624040405162696,110059540860483,146650002185,112652
/localization/kinematic_state,146700002186,1785624040442389470,110059578086769,146700002186,0
/tf,146700002186,1785624040442414079,110059578110923,146700002186,0
/localization/pose_estimator/pose_with_covariance,146600002184,1785624040451373967,110059587071792,146700002186,0
/sensing/lidar/top/pointcloud_raw_ex,146700002186,1785624040454294228,110059589991982,146700002186,107436
/tf,146750002186,1785624040490259471,110059625956696,146750002186,0
/localization/kinematic_state,146750002186,1785624040490428083,110059626125106,146750002186,0
/sensing/lidar/top/pointcloud_raw_ex,146750002186,1785624040503803540,110059639501191,146750002186,115052
/localization/kinematic_state,146800002187,1785624040548413314,110059684110452,146800002187,0
/tf,146800002187,1785624040550477601,110059686174714,146800002187,0
/sensing/lidar/top/pointcloud_raw_ex,146800002187,1785624040555807943,110059691505379,146800002187,106860
/localization/kinematic_state,146850002188,1785624040600909145,110059736606374,146850002188,0
/tf,146850002188,1785624040600939371,110059736636235,146850002188,0
/sensing/lidar/top/pointcloud_raw_ex,146850002188,1785624040602460936,110059738158288,146850002188,115676
/localization/kinematic_state,146900002188,1785624040647270000,110059782967137,146900002188,0
/tf,146900002188,1785624040649672832,110059785369908,146900002188,0
/sensing/lidar/top/pointcloud_raw_ex,146900002188,1785624040651729043,110059787426589,146900002188,107036
/sensing/lidar/top/pointcloud_raw_ex,146950002189,1785624040701858561,110059837556236,146950002189,115100
/localization/kinematic_state,146950002189,1785624040704210017,110059839907191,146950002189,0
/tf,146950002189,1785624040705202924,110059840900140,146950002189,0
/localization/pose_estimator/pose_with_covariance,146800002187,1785624040714551973,110059850249220,146950002189,0
/localization/kinematic_state,147000002190,1785624040742484145,110059878181355,147000002190,0
/tf,147000002190,1785624040742521225,110059878218048,147000002190,0
/sensing/lidar/top/pointcloud_raw_ex,147000002190,1785624040752506430,110059888252831,147000002190,106924
/localization/kinematic_state,147050002191,1785624040794064286,110059929761585,147050002191,0
/tf,147050002191,1785624040801637822,110059937335149,147050002191,0
/sensing/lidar/top/pointcloud_raw_ex,147050002191,1785624040803841454,110059939538980,147050002191,113548
/localization/kinematic_state,147100002191,1785624040841180235,110059976877454,147100002191,0
/tf,147100002191,1785624040842036577,110059977733750,147100002191,0
/sensing/lidar/top/pointcloud_raw_ex,147100002191,1785624040852940080,110059988637861,147100002191,107948
/localization/kinematic_state,147150002192,1785624040891707143,110060027404591,147150002192,0
/tf,147150002192,1785624040893196334,110060028893506,147150002192,0
/sensing/lidar/top/pointcloud_raw_ex,147150002192,1785624040905228373,110060040925881,147150002192,113068
/tf,147200002193,1785624040941745457,110060077442476,147200002193,0
/localization/kinematic_state,147200002193,1785624040941909897,110060077606945,147200002193,0
/sensing/lidar/top/pointcloud_raw_ex,147200002193,1785624040952424986,110060088122790,147200002193,107052
/localization/pose_estimator/pose_with_covariance,147100002191,1785624040958815986,110060094513415,147200002193,0
/localization/pose_estimator/pose_with_covariance,147200002193,1785624040988443022,110060124140427,147200002193,0
/localization/kinematic_state,147250002194,1785624041002296073,110060137993517,147250002194,0
/tf,147250002194,1785624041003399180,110060139096213,147250002194,0
/sensing/lidar/top/pointcloud_raw_ex,147250002194,1785624041009873664,110060145571369,147250002194,114940
/tf,147300002194,1785624041048852809,110060184550092,147300002194,0
/localization/kinematic_state,147300002194,1785624041049096361,110060184793408,147300002194,0
/sensing/lidar/top/pointcloud_raw_ex,147300002194,1785624041058651107,110060194348823,147300002194,106268
/localization/kinematic_state,147350002195,1785624041103733213,110060239430426,147350002195,0
/sensing/lidar/top/pointcloud_raw_ex,147350002195,1785624041106314844,110060242012650,147350002195,113212
/tf,147350002195,1785624041106654029,110060242350958,147350002195,0
/tf,147400002196,1785624041145958653,110060281655677,147400002196,0
/localization/kinematic_state,147400002196,1785624041145995483,110060281692317,147400002196,0
/sensing/lidar/top/pointcloud_raw_ex,147400002196,1785624041154976892,110060290674746,147400002196,106748
/localization/kinematic_state,147450002197,1785624041196613477,110060332310754,147450002197,0
/tf,147450002197,1785624041197391679,110060333088799,147450002197,0
/sensing/lidar/top/pointcloud_raw_ex,147450002197,1785624041207323859,110060343021376,147450002197,113484
/localization/kinematic_state,147500002197,1785624041251627647,110060387324981,147500002197,0
/tf,147500002197,1785624041251663927,110060387360786,147500002197,0
/sensing/lidar/top/pointcloud_raw_ex,147500002197,1785624041257001482,110060392699294,147500002197,106700
/localization/kinematic_state,147550002198,1785624041298789687,110060434486930,147550002198,0
/tf,147550002198,1785624041304156543,110060439854134,147550002198,0
/sensing/lidar/top/pointcloud_raw_ex,147550002198,1785624041309665029,110060445362786,147550002198,113420
/localization/kinematic_state,147600002199,1785624041347523754,110060483220986,147600002199,0
/tf,147600002199,1785624041349207906,110060484905254,147600002199,0
/sensing/lidar/top/pointcloud_raw_ex,147600002199,1785624041366204805,110060501902498,147600002199,106940
/localization/kinematic_state,147650002200,1785624041402396957,110060538094183,147650002200,0
/tf,147650002200,1785624041406442374,110060542139544,147650002200,0
/sensing/lidar/top/pointcloud_raw_ex,147650002200,1785624041410539868,110060546237483,147650002200,113836
/tf,147700002200,1785624041444961368,110060580658383,147700002200,0
/localization/kinematic_state,147700002200,1785624041445938510,110060581635628,147700002200,0
/sensing/lidar/top/pointcloud_raw_ex,147700002200,1785624041458203429,110060593901011,147700002200,104796
/tf,147750002201,1785624041496006728,110060631703938,147750002201,0
/localization/kinematic_state,147750002201,1785624041496596989,110060632293940,147750002201,0
/sensing/lidar/top/pointcloud_raw_ex,147750002201,1785624041508359578,110060644057264,147750002201,113740
/localization/kinematic_state,147800002202,1785624041553800455,110060689497715,147800002202,0
/tf,147800002202,1785624041555265731,110060690962834,147800002202,0
/sensing/lidar/top/pointcloud_raw_ex,147800002202,1785624041560374790,110060696072328,147800002202,105404
/localization/pose_estimator/pose_with_covariance,147750002201,1785624041591728925,110060727426098,147800002202,0
/sensing/lidar/top/pointcloud_raw_ex,147850002203,1785624041609628378,110060745325829,147850002203,114668
/tf,147850002203,1785624041629882801,110060765579995,147850002203,0
/localization/kinematic_state,147850002203,1785624041630002504,110060765699461,147850002203,0
/tf,147900002203,1785624041650487444,110060786184690,147900002203,0
/localization/kinematic_state,147900002203,1785624041650649984,110060786346880,147900002203,0
/sensing/lidar/top/pointcloud_raw_ex,147900002203,1785624041656729127,110060792426555,147900002203,106492
/tf,147950002204,1785624041700001627,110060835698829,147950002204,0
/localization/kinematic_state,147950002204,1785624041700093619,110060835790765,147950002204,0
/sensing/lidar/top/pointcloud_raw_ex,147950002204,1785624041708017278,110060843714969,147950002204,114060
/localization/kinematic_state,148000002205,1785624041756058150,110060891755256,148000002205,0
/tf,148000002205,1785624041757972993,110060893670198,148000002205,0
/sensing/lidar/top/pointcloud_raw_ex,148000002205,1785624041758803596,110060894500619,148000002205,105292
/localization/pose_estimator/pose_with_covariance,147950002204,1785624041798745287,110060934442529,148050002206,0
/localization/kinematic_state,148050002206,1785624041808785315,110060944482453,148050002206,0
/tf,148050002206,1785624041808882476,110060944579297,148050002206,0
/sensing/lidar/top/pointcloud_raw_ex,148050002206,1785624041811238887,110060946936202,148050002206,113596
/localization/kinematic_state,148100002206,1785624041851391184,110060987088435,148100002206,0
/tf,148100002206,1785624041853794651,110060989491880,148100002206,0
/sensing/lidar/top/pointcloud_raw_ex,148100002206,1785624041859810898,110060995508296,148100002206,106972
/control/command/control_cmd,148100002206,1785624041884536517,110061020234018,148100002206,80
/localization/kinematic_state,148150002207,1785624041903701553,110061039398673,148150002207,0
/tf,148150002207,1785624041904315266,110061040012295,148150002207,0
/sensing/lidar/top/pointcloud_raw_ex,148150002207,1785624041909859480,110061045557009,148150002207,113724
/localization/pose_estimator/pose_with_covariance,148100002206,1785624041911148196,110061046845233,148150002207,0
/localization/kinematic_state,148200002208,1785624041950556133,110061086253289,148200002208,0
/tf,148200002208,1785624041953474992,110061089172087,148200002208,0
/sensing/lidar/top/pointcloud_raw_ex,148200002208,1785624041958316901,110061094014554,148200002208,107068
/tf,148250002209,1785624041997608957,110061133306070,148250002209,0
/localization/kinematic_state,148250002209,1785624041998408216,110061134105236,148250002209,0
/sensing/lidar/top/pointcloud_raw_ex,148250002209,1785624042011169530,110061146867068,148250002209,114396
/localization/kinematic_state,148300002209,1785624042050543573,110061186241122,148300002209,0
/tf,148300002209,1785624042052861123,110061188558306,148300002209,0
/sensing/lidar/top/pointcloud_raw_ex,148300002209,1785624042060039183,110061195736576,148300002209,107724
/tf,148350002210,1785624042103655428,110061239352702,148350002210,0
/localization/kinematic_state,148350002210,1785624042104928164,110061240625153,148350002210,0
/sensing/lidar/top/pointcloud_raw_ex,148350002210,1785624042111357963,110061247055459,148350002210,114876
/localization/pose_estimator/pose_with_covariance,148300002209,1785624042149508567,110061285205942,148400002211,0
/localization/kinematic_state,148400002211,1785624042153048873,110061288746067,148400002211,0
/tf,148400002211,1785624042153705046,110061289402046,148400002211,0
/sensing/lidar/top/pointcloud_raw_ex,148400002211,1785624042163110576,110061298808428,148400002211,106140
/localization/kinematic_state,148450002212,1785624042200995861,110061336693103,148450002212,0
/tf,148450002212,1785624042202303107,110061338008988,148450002212,0
/sensing/lidar/top/pointcloud_raw_ex,148450002212,1785624042212348972,110061348046585,148450002212,113980
/localization/kinematic_state,148500002212,1785624042248880246,110061384577473,148500002212,0
/sensing/lidar/top/pointcloud_raw_ex,148500002212,1785624042259709942,110061395407596,148500002212,106284
/tf,148500002212,1785624042268467451,110061404164754,148500002212,0
/localization/kinematic_state,148550002213,1785624042304534105,110061440231361,148550002213,0
/tf,148550002213,1785624042304564544,110061440261401,148550002213,0
/sensing/lidar/top/pointcloud_raw_ex,148550002213,1785624042316948504,110061452646383,148550002213,114428
/localization/kinematic_state,148600002214,1785624042363492769,110061499190106,148600002214,0
/sensing/lidar/top/pointcloud_raw_ex,148600002214,1785624042365733204,110061501430536,148600002214,106588
/tf,148600002214,1785624042368232204,110061503929199,148600002214,0
/tf,148650002215,1785624042400246031,110061535943176,148650002215,0
/localization/kinematic_state,148650002215,1785624042400607792,110061536304792,148650002215,0
/sensing/lidar/top/pointcloud_raw_ex,148650002215,1785624042412049701,110061547747597,148650002215,115820
/tf,148700002215,1785624042447311501,110061583008840,148700002215,0
/localization/kinematic_state,148700002215,1785624042449181431,110061584878596,148700002215,0
/sensing/lidar/top/pointcloud_raw_ex,148700002215,1785624042459850974,110061595548663,148700002215,106812
/tf,148750002216,1785624042498770496,110061634467753,148750002216,0
/localization/kinematic_state,148750002216,1785624042498815914,110061634512916,148750002216,0
/sensing/lidar/top/pointcloud_raw_ex,148750002216,1785624042511631390,110061647329308,148750002216,115004
/tf,148800002217,1785624042547972020,110061683669118,148800002217,0
/localization/kinematic_state,148800002217,1785624042548064180,110061683761081,148800002217,0
/sensing/lidar/top/pointcloud_raw_ex,148800002217,1785624042560375456,110061696073149,148800002217,107484
/localization/kinematic_state,148850002218,1785624042606869097,110061742566249,148850002218,0
/tf,148850002218,1785624042610894794,110061746591988,148850002218,0
/sensing/lidar/top/pointcloud_raw_ex,148850002218,1785624042611887023,110061747584693,148850002218,115084
/localization/kinematic_state,148900002218,1785624042659359797,110061795056860,148900002218,0
/tf,148900002218,1785624042659382339,110061795079193,148900002218,0
/sensing/lidar/top/pointcloud_raw_ex,148900002218,1785624042662080844,110061797778439,148900002218,106956
/tf,148950002219,1785624042705593471,110061841290711,148950002219,0
/localization/kinematic_state,148950002219,1785624042705643184,110061841340025,148950002219,0
/sensing/lidar/top/pointcloud_raw_ex,148950002219,1785624042709602384,110061845299912,148950002219,114844
/tf,149000002220,1785624042747589675,110061883286890,149000002220,0
/localization/kinematic_state,149000002220,1785624042747805828,110061883502775,149000002220,0
/sensing/lidar/top/pointcloud_raw_ex,149000002220,1785624042760133803,110061895831450,149000002220,108060
/tf,149050002221,1785624042803547643,110061939244979,149050002221,0
/localization/kinematic_state,149050002221,1785624042803909073,110061939606082,149050002221,0
/sensing/lidar/top/pointcloud_raw_ex,149050002221,1785624042814292015,110061949989707,149050002221,113900
/localization/kinematic_state,149100002221,1785624042855968503,110061991665798,149100002221,0
/tf,149100002221,1785624042856660419,110061992357545,149100002221,0
/sensing/lidar/top/pointcloud_raw_ex,149100002221,1785624042858815835,110061994513439,149100002221,104028
/tf,149150002222,1785624042898336565,110062034033530,149150002222,0
/localization/kinematic_state,149150002222,1785624042898906010,110062034602915,149150002222,0
/sensing/lidar/top/pointcloud_raw_ex,149150002222,1785624042912012175,110062047709828,149150002222,115548
/localization/kinematic_state,149200002223,1785624042950880722,110062086577924,149200002223,0
/tf,149200002223,1785624042951816542,110062087513529,149200002223,0
/sensing/lidar/top/pointcloud_raw_ex,149200002223,1785624042961359128,110062097056919,149200002223,107068
/tf,149250002223,1785624043004878373,110062140575578,149250002223,0
/localization/kinematic_state,149250002223,1785624043005115345,110062140812320,149250002223,0
/sensing/lidar/top/pointcloud_raw_ex,149250002223,1785624043010521036,110062146218715,149250002223,115644
/tf,149300002224,1785624043049370315,110062185067659,149300002224,0
/localization/kinematic_state,149300002224,1785624043050598611,110062186295826,149300002224,0
/sensing/lidar/top/pointcloud_raw_ex,149300002224,1785624043059933375,110062195631140,149300002224,107436
/localization/kinematic_state,149350002225,1785624043100366646,110062236063759,149350002225,0
/tf,149350002225,1785624043100415606,110062236112454,149350002225,0
/sensing/lidar/top/pointcloud_raw_ex,149350002225,1785624043113121222,110062248818807,149350002225,114076
/localization/kinematic_state,149400002226,1785624043150142021,110062285839268,149400002226,0
/tf,149400002226,1785624043151634003,110062287331252,149400002226,0
/sensing/lidar/top/pointcloud_raw_ex,149400002226,1785624043162854785,110062298552384,149400002226,106492
/control/command/control_cmd,149400002226,1785624043197653907,110062333351591,149400002226,80
/tf,149450002226,1785624043200244068,110062335941275,149450002226,0
/localization/kinematic_state,149450002226,1785624043200598420,110062336295447,149450002226,0
/sensing/lidar/top/pointcloud_raw_ex,149450002226,1785624043214402479,110062350100026,149450002226,114284
/tf,149500002227,1785624043252138103,110062387835429,149500002227,0
/localization/kinematic_state,149500002227,1785624043252475491,110062388172529,149500002227,0
/sensing/lidar/top/pointcloud_raw_ex,149500002227,1785624043261528732,110062397226275,149500002227,105596
/tf,149550002228,1785624043299108141,110062434805187,149550002228,0
/localization/kinematic_state,149550002228,1785624043300159896,110062435856931,149550002228,0
/sensing/lidar/top/pointcloud_raw_ex,149550002228,1785624043312338251,110062448036074,149550002228,114812
/localization/kinematic_state,149600002229,1785624043351856008,110062487553177,149600002229,0
/tf,149600002229,1785624043351877432,110062487574263,149600002229,0
/sensing/lidar/top/pointcloud_raw_ex,149600002229,1785624043360525270,110062496222803,149600002229,105900
/localization/kinematic_state,149650002229,1785624043403087505,110062538784634,149650002229,0
/tf,149650002229,1785624043404927514,110062540624538,149650002229,0
/sensing/lidar/top/pointcloud_raw_ex,149650002229,1785624043413498916,110062549196618,149650002229,113196
/tf,149700002230,1785624043452384165,110062588081460,149700002230,0
/localization/kinematic_state,149700002230,1785624043452551688,110062588248625,149700002230,0
/sensing/lidar/top/pointcloud_raw_ex,149700002230,1785624043462372775,110062598070614,149700002230,107148
/localization/kinematic_state,149750002231,1785624043505648088,110062641345190,149750002231,0
/tf,149750002231,1785624043505826566,110062641523531,149750002231,0
/sensing/lidar/top/pointcloud_raw_ex,149750002231,1785624043517076862,110062652774338,149750002231,114108
/tf,149800002232,1785624043556332722,110062692029747,149800002232,0
/localization/kinematic_state,149800002232,1785624043558335857,110062694032710,149800002232,0
/sensing/lidar/top/pointcloud_raw_ex,149800002232,1785624043564331608,110062700028434,149800002232,106108
/localization/kinematic_state,149850002232,1785624043613926385,110062749623649,149850002232,0
/tf,149850002232,1785624043615328393,110062751025688,149850002232,0
/sensing/lidar/top/pointcloud_raw_ex,149850002232,1785624043616356015,110062752053269,149850002232,115196
/localization/kinematic_state,149900002233,1785624043652766292,110062788463503,149900002233,0
/tf,149900002233,1785624043654748481,110062790445731,149900002233,0
/sensing/lidar/top/pointcloud_raw_ex,149900002233,1785624043664445341,110062800143142,149900002233,107068
/localization/kinematic_state,149950002234,1785624043701518771,110062837215939,149950002234,0
/tf,149950002234,1785624043705518354,110062841215562,149950002234,0
/sensing/lidar/top/pointcloud_raw_ex,149950002234,1785624043714201870,110062849899419,149950002234,113388
/localization/kinematic_state,150000002235,1785624043754825486,110062890522675,150000002235,0
/tf,150000002235,1785624043755556103,110062891253348,150000002235,0
/sensing/lidar/top/pointcloud_raw_ex,150000002235,1785624043764995509,110062900693134,150000002235,105980
/tf,150050002235,1785624043800959660,110062936657011,150050002235,0
/localization/kinematic_state,150050002235,1785624043801066248,110062936763173,150050002235,0
/sensing/lidar/top/pointcloud_raw_ex,150050002235,1785624043816012811,110062951710428,150050002235,114204
/control/command/control_cmd,149400002226,1785624043856471233,110062992169135,150100002236,80
/localization/kinematic_state,150100002236,1785624043857370851,110062993068132,150100002236,0
/tf,150100002236,1785624043859364876,110062995062019,150100002236,0
/sensing/lidar/top/pointcloud_raw_ex,150100002236,1785624043863899616,110062999597150,150100002236,107756
/localization/kinematic_state,150150002237,1785624043901864271,110063037561275,150150002237,0
/tf,150150002237,1785624043902418564,110063038115619,150150002237,0
/sensing/lidar/top/pointcloud_raw_ex,150150002237,1785624043915089258,110063050786806,150150002237,113644
/localization/kinematic_state,150200002238,1785624043956516334,110063092213536,150200002238,0
/tf,150200002238,1785624043958408589,110063094105865,150200002238,0
/sensing/lidar/top/pointcloud_raw_ex,150200002238,1785624043962429558,110063098127046,150200002238,106476
/tf,150250002238,1785624044008419324,110063144116687,150250002238,0
/localization/kinematic_state,150250002238,1785624044009030856,110063144727914,150250002238,0
/sensing/lidar/top/pointcloud_raw_ex,150250002238,1785624044014958845,110063150656892,150250002238,115164
/tf,150300002239,1785624044051865569,110063187562691,150300002239,0
/localization/kinematic_state,150300002239,1785624044052101563,110063187798526,150300002239,0
/sensing/lidar/top/pointcloud_raw_ex,150300002239,1785624044064057531,110063199755188,150300002239,105420
/localization/kinematic_state,150350002240,1785624044102164111,110063237861337,150350002240,0
/tf,150350002240,1785624044105312740,110063241010096,150350002240,0
/sensing/lidar/top/pointcloud_raw_ex,150350002240,1785624044114837727,110063250535442,150350002240,113948
/tf,150400002241,1785624044153207620,110063288904972,150400002241,0
/localization/kinematic_state,150400002241,1785624044153360216,110063289057246,150400002241,0
/sensing/lidar/top/pointcloud_raw_ex,150400002241,1785624044164533627,110063300231339,150400002241,106572
/control/command/control_cmd,150200002238,1785624044172022640,110063307720271,150400002241,80
/localization/kinematic_state,150450002241,1785624044202904898,110063338602295,150450002241,0
/tf,150450002241,1785624044209442400,110063345139606,150450002241,0
/sensing/lidar/top/pointcloud_raw_ex,150450002241,1785624044217190757,110063352888492,150450002241,115996
/tf,150500002242,1785624044256528636,110063392225832,150500002242,0
/localization/kinematic_state,150500002242,1785624044256571022,110063392267862,150500002242,0
/sensing/lidar/top/pointcloud_raw_ex,150500002242,1785624044266015008,110063401712972,150500002242,106460
/localization/kinematic_state,150550002243,1785624044308196864,110063443894253,150550002243,0
/tf,150550002243,1785624044309108966,110063444806139,150550002243,0
/sensing/lidar/top/pointcloud_raw_ex,150550002243,1785624044315463864,110063451161313,150550002243,115772
/control/command/control_cmd,150200002238,1785624044318044141,110063453741570,150550002243,80
/control/command/control_cmd,150550002243,1785624044320875293,110063456572488,150550002243,80
/localization/kinematic_state,150600002244,1785624044355906132,110063491603405,150600002244,0
/tf,150600002244,1785624044361195564,110063496892659,150600002244,0
/sensing/lidar/top/pointcloud_raw_ex,150600002244,1785624044365249457,110063500947147,150600002244,108220
/localization/kinematic_state,150650002244,1785624044405678801,110063541376061,150650002244,0
/tf,150650002244,1785624044408041743,110063543739192,150650002244,0
/sensing/lidar/top/pointcloud_raw_ex,150650002244,1785624044415940096,110063551637712,150650002244,114476
/tf,150700002245,1785624044453679846,110063589377226,150700002245,0
/localization/kinematic_state,150700002245,1785624044455704866,110063591402033,150700002245,0
/sensing/lidar/top/pointcloud_raw_ex,150700002245,1785624044462868216,110063598565903,150700002245,106540
/tf,150750002246,1785624044504105187,110063639802428,150750002246,0
/localization/kinematic_state,150750002246,1785624044504150231,110063639847097,150750002246,0
/sensing/lidar/top/pointcloud_raw_ex,150750002246,1785624044514353474,110063650051141,150750002246,115324
/localization/pose_estimator/pose_with_covariance,150650002244,1785624044538679193,110063674376517,150750002246,0
/localization/kinematic_state,150800002247,1785624044553596244,110063689293477,150800002247,0
/tf,150800002247,1785624044553624609,110063689321477,150800002247,0
/sensing/lidar/top/pointcloud_raw_ex,150800002247,1785624044566029259,110063701726965,150800002247,107228
/tf,150850002247,1785624044609458088,110063745155360,150850002247,0
/localization/kinematic_state,150850002247,1785624044609587909,110063745284968,150850002247,0
/sensing/lidar/top/pointcloud_raw_ex,150850002247,1785624044614169227,110063749866700,150850002247,114860
/tf,150900002248,1785624044664398279,110063800095670,150900002248,0
/sensing/lidar/top/pointcloud_raw_ex,150900002248,1785624044664594787,110063800291871,150900002248,106956
/localization/kinematic_state,150900002248,1785624044664900049,110063800597069,150900002248,0
/tf,150950002249,1785624044706882637,110063842579918,150950002249,0
/localization/kinematic_state,150950002249,1785624044708387225,110063844084514,150950002249,0
/sensing/lidar/top/pointcloud_raw_ex,150950002249,1785624044715643455,110063851341257,150950002249,115276
/localization/kinematic_state,151000002250,1785624044765276736,110063900974183,151000002250,0
/sensing/lidar/top/pointcloud_raw_ex,151000002250,1785624044767024748,110063902722114,151000002250,105468
/tf,151000002250,1785624044767800033,110063903497093,151000002250,0
/tf,151050002250,1785624044805398212,110063941095618,151050002250,0
/localization/kinematic_state,151050002250,1785624044805443018,110063941139868,151050002250,0
/sensing/lidar/top/pointcloud_raw_ex,151050002250,1785624044818486000,110063954183788,151050002250,115388
/localization/kinematic_state,151100002251,1785624044853220103,110063988917292,151100002251,0
/tf,151100002251,1785624044853342569,110063989039524,151100002251,0
/sensing/lidar/top/pointcloud_raw_ex,151100002251,1785624044865289440,110064000987003,151100002251,106716
/tf,151150002252,1785624044904436958,110064040134160,151150002252,0
/localization/kinematic_state,151150002252,1785624044904620118,110064040317043,151150002252,0
/sensing/lidar/top/pointcloud_raw_ex,151150002252,1785624044916949893,110064052647531,151150002252,115180
/control/command/control_cmd,150550002243,1785624044953363944,110064089061371,151200002253,80
/localization/kinematic_state,151200002253,1785624044957729768,110064093426890,151200002253,0
/tf,151200002253,1785624044958569054,110064094266021,151200002253,0
/sensing/lidar/top/pointcloud_raw_ex,151200002253,1785624044967184882,110064102882726,151200002253,106620
/localization/kinematic_state,151250002253,1785624045009978000,110064145675199,151250002253,0
/tf,151250002253,1785624045011364186,110064147061323,151250002253,0
/sensing/lidar/top/pointcloud_raw_ex,151250002253,1785624045019313502,110064155011286,151250002253,115452
/localization/kinematic_state,151300002254,1785624045055166287,110064190863528,151300002254,0
/tf,151300002254,1785624045058462793,110064194160109,151300002254,0
/sensing/lidar/top/pointcloud_raw_ex,151300002254,1785624045067141817,110064202839489,151300002254,106972
/localization/kinematic_state,151350002255,1785624045105489375,110064241226697,151350002255,0
/tf,151350002255,1785624045106775648,110064242472595,151350002255,0
/sensing/lidar/top/pointcloud_raw_ex,151350002255,1785624045116512629,110064252210126,151350002255,114380
/localization/kinematic_state,151400002256,1785624045155302909,110064290999994,151400002256,0
/tf,151400002256,1785624045155821753,110064291518695,151400002256,0
/sensing/lidar/top/pointcloud_raw_ex,151400002256,1785624045167027693,110064302725344,151400002256,106924
/control/command/control_cmd,151300002254,1785624045203548651,110064339246003,151450002256,80
/tf,151450002256,1785624045205875114,110064341572227,151450002256,0
/localization/kinematic_state,151450002256,1785624045205941448,110064341638295,151450002256,0
/sensing/lidar/top/pointcloud_raw_ex,151450002256,1785624045217998845,110064353696436,151450002256,114620
/localization/kinematic_state,151500002257,1785624045259364912,110064395062005,151500002257,0
/tf,151500002257,1785624045260456166,110064396153187,151500002257,0
/sensing/lidar/top/pointcloud_raw_ex,151500002257,1785624045265890134,110064401587574,151500002257,106396
/localization/kinematic_state,151550002258,1785624045307141284,110064442838531,151550002258,0
/tf,151550002258,1785624045316428367,110064452125598,151550002258,0
/sensing/lidar/top/pointcloud_raw_ex,151550002258,1785624045318760726,110064454458445,151550002258,113164
/localization/kinematic_state,151600002259,1785624045354767151,110064490464257,151600002259,0
/tf,151600002259,1785624045360530041,110064496227248,151600002259,0
/sensing/lidar/top/pointcloud_raw_ex,151600002259,1785624045367572198,110064503269759,151600002259,106460
/tf,151650002259,1785624045407271604,110064542968801,151650002259,0
/localization/kinematic_state,151650002259,1785624045407405023,110064543101998,151650002259,0
/sensing/lidar/top/pointcloud_raw_ex,151650002259,1785624045420694525,110064556392067,151650002259,115260
/tf,151700002260,1785624045455814964,110064591512210,151700002260,0
/localization/kinematic_state,151700002260,1785624045455853461,110064591550305,151700002260,0
/sensing/lidar/top/pointcloud_raw_ex,151700002260,1785624045468026385,110064603723820,151700002260,107612
/tf,151750002261,1785624045504829536,110064640526781,151750002261,0
/localization/kinematic_state,151750002261,1785624045504863183,110064640560002,151750002261,0
/localization/pose_estimator/pose_with_covariance,151650002259,1785624045506905160,110064642602448,151750002261,0
/sensing/lidar/top/pointcloud_raw_ex,151750002261,1785624045521420789,110064657118248,151750002261,113772
/sensing/lidar/top/pointcloud_raw_ex,151800002261,1785624045565434617,110064701132075,151800002261,105948
/localization/kinematic_state,151800002261,1785624045569393443,110064705090532,151800002261,0
/tf,151800002261,1785624045571057106,110064706754284,151800002261,0
/tf,151850002262,1785624045606177664,110064741874755,151850002262,0
/localization/kinematic_state,151850002262,1785624045606526760,110064742223733,151850002262,0
/sensing/lidar/top/pointcloud_raw_ex,151850002262,1785624045619423457,110064755120987,151850002262,114652
/localization/kinematic_state,151900002263,1785624045657771387,110064793468608,151900002263,0
/tf,151900002263,1785624045660599609,110064796296837,151900002263,0
/sensing/lidar/top/pointcloud_raw_ex,151900002263,1785624045667677015,110064803374715,151900002263,107100
/sensing/lidar/top/pointcloud_raw_ex,151950002264,1785624045716736830,110064852434648,151950002264,112156
/localization/kinematic_state,151950002264,1785624045717579202,110064853276306,151950002264,0
/tf,151950002264,1785624045720048652,110064855745842,151950002264,0
/tf,152000002264,1785624045755494846,110064891192026,152000002264,0
/localization/kinematic_state,152000002264,1785624045758013004,110064893710155,152000002264,0
/sensing/lidar/top/pointcloud_raw_ex,152000002264,1785624045766940031,110064902637844,152000002264,106556
/tf,152050002265,1785624045807810694,110064943508129,152050002265,0
/localization/kinematic_state,152050002265,1785624045809061837,110064944758939,152050002265,0
/sensing/lidar/top/pointcloud_raw_ex,152050002265,1785624045818720058,110064954417622,152050002265,114780
/tf,152100002266,1785624045856504242,110064992201270,152100002266,0
/localization/kinematic_state,152100002266,1785624045856604117,110064992301086,152100002266,0
/sensing/lidar/top/pointcloud_raw_ex,152100002266,1785624045866263760,110065001961347,152100002266,105916
/localization/kinematic_state,152150002267,1785624045911205198,110065046902848,152150002267,0
/tf,152150002267,1785624045914201752,110065049898955,152150002267,0
/sensing/lidar/top/pointcloud_raw_ex,152150002267,1785624045917537418,110065053234897,152150002267,114076
/localization/kinematic_state,152200002267,1785624045957185612,110065092882851,152200002267,0
/tf,152200002267,1785624045958025293,110065093722687,152200002267,0
/sensing/lidar/top/pointcloud_raw_ex,152200002267,1785624045971442895,110065107140515,152200002267,106924
/localization/pose_estimator/pose_with_covariance,152100002266,1785624045975408263,110065111105391,152200002267,0
/control/command/control_cmd,152250002268,1785624046010963413,110065146660801,152250002268,80
/localization/kinematic_state,152250002268,1785624046018686021,110065154383296,152250002268,0
/sensing/lidar/top/pointcloud_raw_ex,152250002268,1785624046018905495,110065154602450,152250002268,114012
/tf,152250002268,1785624046020651550,110065156348521,152250002268,0
/localization/pose_estimator/pose_with_covariance,152150002267,1785624046051223254,110065186920502,152250002268,0
/localization/kinematic_state,152300002269,1785624046069261997,110065204959375,152300002269,0
/tf,152300002269,1785624046069282571,110065204979430,152300002269,0
/sensing/lidar/top/pointcloud_raw_ex,152300002269,1785624046069501293,110065205198207,152300002269,106636
/tf,152350002270,1785624046110491091,110065246188339,152350002270,0
/localization/kinematic_state,152350002270,1785624046110530757,110065246227553,152350002270,0
/sensing/lidar/top/pointcloud_raw_ex,152350002270,1785624046120937552,110065256635102,152350002270,114860
/localization/kinematic_state,152400002270,1785624046159690225,110065295387261,152400002270,0
/tf,152400002270,1785624046162569225,110065298266256,152400002270,0
/sensing/lidar/top/pointcloud_raw_ex,152400002270,1785624046169060331,110065304758068,152400002270,105884
/tf,152450002271,1785624046207514658,110065343211871,152450002271,0
/localization/kinematic_state,152450002271,1785624046207550272,110065343247146,152450002271,0
/sensing/lidar/top/pointcloud_raw_ex,152450002271,1785624046219218680,110065354916317,152450002271,114460
/localization/kinematic_state,152500002272,1785624046262078506,110065397775880,152500002272,0
/tf,152500002272,1785624046262114995,110065397811867,152500002272,0
/sensing/lidar/top/pointcloud_raw_ex,152500002272,1785624046271195212,110065406893069,152500002272,105980
/tf,152550002273,1785624046319601960,110065455299305,152550002273,0
/localization/kinematic_state,152550002273,1785624046319782600,110065455479678,152550002273,0
/sensing/lidar/top/pointcloud_raw_ex,152550002273,1785624046321418878,110065457116265,152550002273,113404
/tf,152600002273,1785624046370564856,110065506262254,152600002273,0
/localization/kinematic_state,152600002273,1785624046371067085,110065506764220,152600002273,0
/sensing/lidar/top/pointcloud_raw_ex,152600002273,1785624046374325756,110065510023337,152600002273,106700
/localization/pose_estimator/pose_with_covariance,152550002273,1785624046403607165,110065539304494,152600002273,0
/sensing/lidar/top/pointcloud_raw_ex,152650002274,1785624046419195832,110065554893596,152650002274,114204
/tf,152650002274,1785624046421768447,110065557465673,152650002274,0
/localization/kinematic_state,152650002274,1785624046425381962,110065561079374,152650002274,0
/tf,152700002275,1785624046472354131,110065608051429,152700002275,0
/localization/kinematic_state,152700002275,1785624046473352875,110065609049974,152700002275,0
/sensing/lidar/top/pointcloud_raw_ex,152700002275,1785624046474638184,110065610335818,152700002275,106444
/localization/pose_estimator/pose_with_covariance,152650002274,1785624046503324146,110065639021341,152700002275,0
/localization/kinematic_state,152750002276,1785624046510262035,110065645959396,152750002276,0
/tf,152750002276,1785624046516531635,110065652228725,152750002276,0
/sensing/lidar/top/pointcloud_raw_ex,152750002276,1785624046521470412,110065657168140,152750002276,115788
/tf,152800002276,1785624046560610156,110065696307637,152800002276,0
/localization/kinematic_state,152800002276,1785624046561221927,110065696918948,152800002276,0
/sensing/lidar/top/pointcloud_raw_ex,152800002276,1785624046571258113,110065706955761,152800002276,105788
/tf,152850002277,1785624046608842251,110065744539485,152850002277,0
/localization/kinematic_state,152850002277,1785624046609507249,110065745204275,152850002277,0
/sensing/lidar/top/pointcloud_raw_ex,152850002277,1785624046620888270,110065756585966,152850002277,115180
/localization/kinematic_state,152900002278,1785624046659370269,110065795067472,152900002278,0
/tf,152900002278,1785624046662429575,110065798126783,152900002278,0
/sensing/lidar/top/pointcloud_raw_ex,152900002278,1785624046668268166,110065803965809,152900002278,105852
/localization/pose_estimator/pose_with_covariance,152750002276,1785624046685930689,110065821627923,152900002278,0
/sensing/lidar/top/pointcloud_raw_ex,152950002279,1785624046722804769,110065858502462,152950002279,115564
/localization/kinematic_state,152950002279,1785624046727799809,110065863497153,152950002279,0
/tf,152950002279,1785624046729723232,110065865420396,152950002279,0
/localization/kinematic_state,153000002279,1785624046759548090,110065895245144,153000002279,0
/tf,153000002279,1785624046759566594,110065895263436,153000002279,0
/sensing/lidar/top/pointcloud_raw_ex,153000002279,1785624046770367892,110065906065528,153000002279,107900
/tf,153050002280,1785624046810452239,110065946149541,153050002280,0
/localization/kinematic_state,153050002280,1785624046810494668,110065946191539,153050002280,0
/sensing/lidar/top/pointcloud_raw_ex,153050002280,1785624046822809773,110065958507392,153050002280,113836
/localization/kinematic_state,153100002281,1785624046863532399,110065999229648,153100002281,0
/tf,153100002281,1785624046864042055,110065999739038,153100002281,0
/sensing/lidar/top/pointcloud_raw_ex,153100002281,1785624046871313014,110066007010381,153100002281,104476
/localization/kinematic_state,153150002282,1785624046911429981,110066047127096,153150002282,0
/tf,153150002282,1785624046911459234,110066047156068,153150002282,0
/sensing/lidar/top/pointcloud_raw_ex,153150002282,1785624046920058657,110066055756323,153150002282,112572
/localization/kinematic_state,153200002282,1785624046962159037,110066097856225,153200002282,0
/tf,153200002282,1785624046963624843,110066099322054,153200002282,0
/sensing/lidar/top/pointcloud_raw_ex,153200002282,1785624046970432722,110066106130381,153200002282,106716
/localization/kinematic_state,153250002283,1785624047009354396,110066145051689,153250002283,0
/tf,153250002283,1785624047016001415,110066151698860,153250002283,0
/sensing/lidar/top/pointcloud_raw_ex,153250002283,1785624047020349680,110066156047455,153250002283,111612
/control/command/control_cmd,152300002269,1785624047046352557,110066182050307,153250002283,80
/localization/kinematic_state,153300002284,1785624047060391526,110066196088856,153300002284,0
/tf,153300002284,1785624047062343036,110066198040156,153300002284,0
/sensing/lidar/top/pointcloud_raw_ex,153300002284,1785624047072350725,110066208047711,153300002284,106668
/localization/kinematic_state,153350002285,1785624047109470959,110066245168289,153350002285,0
/tf,153350002285,1785624047116277681,110066251974905,153350002285,0
/sensing/lidar/top/pointcloud_raw_ex,153350002285,1785624047122644127,110066258341829,153350002285,113932
/localization/kinematic_state,153400002285,1785624047163718249,110066299415587,153400002285,0
/tf,153400002285,1785624047163759443,110066299456275,153400002285,0
/sensing/lidar/top/pointcloud_raw_ex,153400002285,1785624047171048421,110066306746286,153400002285,106380
