1785455667.648 81371.1344 49912.7206
1785455667.698 81371.1344 49912.7206
1785455667.748 81371.1344 49912.7206
1785455667.798 81371.1344 49912.7206
1785455667.848 81371.1344 49912.7206
1785455667.898 81371.1344 49912.7206
1785455667.948 81371.1344 49912.7206
1785455667.998 81371.1344 49912.7206
1785455668.049 81371.1344 49912.7206
1785455668.099 81371.1344 49912.7206
1785455668.149 81371.1344 49912.7206
1785455668.199 81371.1344 49912.7206
1785455668.249 81371.1344 49912.7206
1785455668.299 81371.1344 49912.7206
1785455668.349 81371.1344 49912.7206
1785455668.399 81371.1344 49912.7206
1785455668.449 81371.1344 49912.7206
1785455668.500 81371.1344 49912.7206
1785455668.550 81371.1344 49912.7206
1785455668.600 81371.1344 49912.7206
1785455668.650 81371.1344 49912.7206
1785455668.700 81371.1344 49912.7206
1785455668.750 81371.1344 49912.7206
1785455668.800 81371.1344 49912.7206
1785455668.850 81371.1344 49912.7206
1785455668.900 81371.1344 49912.7206
1785455668.950 81371.1344 49912.7206
1785455669.001 81371.1344 49912.7206
1785455669.051 81371.1344 49912.7206
1785455669.101 81371.1344 49912.7206
1785455669.151 81371.1344 49912.7206
1785455669.201 81371.1344 49912.7206
1785455669.251 81371.1344 49912.7206
1785455669.301 81371.1344 49912.7206
1785455669.351 81371.1344 49912.7206
1785455669.402 81371.1344 49912.7206
1785455669.452 81371.1344 49912.7206
1785455669.502 81371.1344 49912.7206
1785455669.552 81371.1344 49912.7206
1785455669.602 81371.1344 49912.7206
1785455669.652 81371.1344 49912.7206
1785455669.702 81371.1344 49912.7206
1785455669.752 81371.1344 49912.7206
1785455669.803 81371.1344 49912.7206
1785455669.853 81371.1344 49912.7206
1785455669.903 81371.1344 49912.7206
1785455669.953 81371.1344 49912.7206
1785455670.003 81371.1344 49912.7206
1785455670.053 81371.1344 49912.7206
1785455670.103 81371.1344 49912.7206
1785455670.153 81371.1344 49912.7206
1785455670.204 81371.1344 49912.7206
1785455670.254 81371.1344 49912.7206
1785455670.304 81371.1344 49912.7206
1785455670.354 81371.1344 49912.7206
1785455670.404 81371.1344 49912.7206
1785455670.454 81371.1344 49912.7206
1785455670.504 81371.1344 49912.7206
1785455670.554 81371.1344 49912.7206
1785455670.604 81371.1344 49912.7206
1785455670.655 81371.1344 49912.7206
1785455670.705 81371.1344 49912.7206
1785455670.755 81371.1344 49912.7206
1785455670.805 81371.1344 49912.7206
1785455670.855 81371.1344 49912.7206
1785455670.905 81371.1344 49912.7206
1785455670.955 81371.1344 49912.7206
1785455671.005 81371.1344 49912.7206
1785455671.055 81371.1344 49912.7206
1785455671.106 81371.1344 49912.7206
1785455671.156 81371.1344 49912.7206
1785455671.206 81371.1344 49912.7206
1785455671.256 81371.1344 49912.7206
1785455671.306 81371.1344 49912.7206
1785455671.356 81371.1344 49912.7206
1785455671.406 81371.1344 49912.7206
1785455671.456 81371.1344 49912.7206
1785455671.506 81371.1344 49912.7206
1785455671.557 81371.1344 49912.7206
1785455671.607 81371.1344 49912.7206
1785455671.657 81371.1344 49912.7206
1785455671.707 81371.1344 49912.7206
1785455671.757 81371.1344 49912.7206
1785455671.807 81371.1344 49912.7206
1785455671.857 81371.1344 49912.7206
1785455671.907 81371.1344 49912.7206
1785455671.957 81371.1344 49912.7206
1785455672.008 81371.1344 49912.7206
1785455672.058 81371.1344 49912.7206
1785455672.108 81371.1344 49912.7206
1785455672.158 81371.1344 49912.7206
1785455672.208 81371.1344 49912.7206
1785455672.258 81371.1344 49912.7206
1785455672.308 81371.1344 49912.7206
1785455672.358 81371.1344 49912.7206
1785455672.408 81371.1344 49912.7206
1785455672.458 81371.1344 49912.7206
1785455672.509 81371.1344 49912.7206
1785455672.559 81371.1344 49912.7206
1785455672.609 81371.1344 49912.7206
1785455672.659 81371.1344 49912.7206
1785455672.709 81371.1344 49912.7206
1785455672.759 81371.1344 49912.7206
1785455672.809 81371.1344 49912.7206
1785455672.859 81371.1344 49912.7206
1785455672.910 81371.1344 49912.7206
1785455672.960 81371.1344 49912.7206
1785455673.010 81371.1344 49912.7206
1785455673.060 81371.1344 49912.7206
1785455673.110 81371.1344 49912.7206
1785455673.160 81371.1344 49912.7206
1785455673.211 81371.1344 49912.7206
1785455673.261 81371.1344 49912.7206
1785455673.311 81371.1344 49912.7206
1785455673.361 81371.1344 49912.7206
1785455673.411 81371.1344 49912.7206
1785455673.461 81371.1344 49912.7206
1785455673.511 81371.1344 49912.7206
1785455673.561 81371.1344 49912.7206
1785455673.611 81371.1344 49912.7206
1785455673.661 81371.1344 49912.7206
1785455673.712 81371.1344 49912.7206
1785455673.762 81371.1344 49912.7206
1785455673.812 81371.1344 49912.7206
1785455673.862 81371.1344 49912.7206
1785455673.912 81371.1344 49912.7206
1785455673.962 81371.1344 49912.7206
1785455674.013 81371.1344 49912.7206
1785455674.063 81371.1344 49912.7206
1785455674.113 81371.1344 49912.7206
1785455674.163 81371.1344 49912.7206
1785455674.213 81371.1344 49912.7206
1785455674.263 81371.1344 49912.7206
1785455674.313 81371.1344 49912.7206
1785455674.363 81371.1344 49912.7206
1785455674.413 81371.1344 49912.7206
1785455674.464 81371.1344 49912.7206
1785455674.514 81371.1344 49912.7206
1785455674.564 81371.1344 49912.7206
1785455674.614 81371.1344 49912.7206
1785455674.665 81371.1344 49912.7206
1785455674.715 81371.1344 49912.7206
1785455674.765 81371.1344 49912.7206
1785455674.815 81371.1344 49912.7206
1785455674.865 81371.1344 49912.7206
1785455674.915 81371.1344 49912.7206
1785455674.965 81371.1344 49912.7206
1785455675.015 81371.1344 49912.7206
1785455675.066 81371.1344 49912.7206
1785455675.116 81371.1344 49912.7206
1785455675.166 81371.1344 49912.7206
1785455675.216 81371.1344 49912.7206
1785455675.266 81371.1344 49912.7206
1785455675.316 81371.1344 49912.7206
1785455675.366 81371.1344 49912.7206
1785455675.416 81371.1344 49912.7206
1785455675.467 81371.1344 49912.7206
1785455675.517 81371.1344 49912.7206
1785455675.567 81371.1344 49912.7206
1785455675.617 81371.1344 49912.7206
1785455675.667 81371.1344 49912.7206
1785455675.717 81371.1344 49912.7206
1785455675.767 81371.1344 49912.7206
1785455675.817 81371.1344 49912.7206
1785455675.867 81371.1344 49912.7206
1785455675.918 81371.1344 49912.7206
1785455675.968 81371.1344 49912.7206
1785455676.018 81371.1344 49912.7206
1785455676.068 81371.1344 49912.7206
1785455676.118 81371.1344 49912.7206
1785455676.168 81371.1344 49912.7206
1785455676.218 81371.1344 49912.7206
1785455676.268 81371.1344 49912.7206
1785455676.318 81371.1344 49912.7206
1785455676.369 81371.1344 49912.7206
1785455676.419 81371.1344 49912.7206
1785455676.469 81371.1344 49912.7206
1785455676.519 81371.1344 49912.7206
1785455676.569 81371.1344 49912.7206
1785455676.619 81371.1344 49912.7206
1785455676.669 81371.1344 49912.7206
1785455676.719 81371.1344 49912.7206
1785455676.769 81371.1344 49912.7206
1785455676.820 81371.1344 49912.7206
1785455676.870 81371.1344 49912.7206
1785455676.920 81371.1344 49912.7206
1785455676.970 81371.1344 49912.7206
1785455677.020 81371.1344 49912.7206
1785455677.070 81371.1344 49912.7206
1785455677.120 81371.1344 49912.7206
1785455677.170 81371.1344 49912.7206
1785455677.221 81371.1344 49912.7206
1785455677.271 81371.1344 49912.7206
1785455677.321 81371.1344 49912.7206
1785455677.371 81371.1344 49912.7206
1785455677.421 81371.1344 49912.7206
1785455677.471 81371.1344 49912.7206
1785455677.521 81371.1344 49912.7206
1785455677.572 81371.1344 49912.7206
1785455677.622 81371.1344 49912.7206
1785455677.672 81371.1344 49912.7206
1785455677.722 81371.1344 49912.7206
1785455677.772 81371.1344 49912.7206
1785455677.822 81371.1344 49912.7206
1785455677.872 81371.1344 49912.7206
1785455677.922 81371.1344 49912.7206
1785455677.972 81371.1344 49912.7206
1785455678.023 81371.1344 49912.7206
1785455678.073 81371.1344 49912.7206
1785455678.123 81371.1344 49912.7206
1785455678.173 81371.1344 49912.7206
1785455678.224 81371.1344 49912.7206
1785455678.274 81371.1344 49912.7206
1785455678.324 81371.1344 49912.7206
1785455678.374 81371.1344 49912.7206
1785455678.424 81371.1344 49912.7206
1785455678.474 81371.1344 49912.7206
1785455678.524 81371.1344 49912.7206
1785455678.575 81371.1344 49912.7206
1785455678.625 81371.1344 49912.7206
1785455678.675 81371.1344 49912.7206
1785455678.725 81371.1344 49912.7206
1785455678.775 81371.1344 49912.7206
1785455678.825 81371.1344 49912.7206
1785455678.876 81371.1344 49912.7206
1785455678.926 81371.1344 49912.7206
1785455678.976 81371.1344 49912.7206
1785455679.026 81371.1344 49912.7206
1785455679.076 81371.1344 49912.7206
1785455679.126 81371.1344 49912.7206
1785455679.176 81371.1344 49912.7206
1785455679.226 81371.1344 49912.7206
1785455679.276 81371.1344 49912.7206
1785455679.327 81371.1344 49912.7206
1785455679.377 81371.1344 49912.7206
1785455679.427 81371.1344 49912.7206
1785455679.477 81371.1344 49912.7206
1785455679.527 81371.1344 49912.7206
1785455679.577 81371.1344 49912.7206
1785455679.627 81371.1344 49912.7206
1785455679.678 81371.1344 49912.7206
1785455679.728 81371.1344 49912.7206
1785455679.778 81371.1344 49912.7206
1785455679.828 81371.1344 49912.7206
1785455679.878 81371.1344 49912.7206
1785455679.928 81371.1344 49912.7206
1785455679.978 81371.1344 49912.7206
1785455680.029 81371.1344 49912.7206
1785455680.079 81371.1344 49912.7206
1785455680.129 81371.1344 49912.7206
1785455680.179 81371.1344 49912.7206
1785455680.229 81371.1344 49912.7206
1785455680.279 81371.1344 49912.7206
1785455680.329 81371.1344 49912.7206
1785455680.380 81371.1344 49912.7206
1785455680.430 81371.1344 49912.7206
1785455680.480 81371.1344 49912.7206
1785455680.530 81371.1344 49912.7206
1785455680.580 81371.1344 49912.7206
1785455680.630 81371.1344 49912.7206
1785455680.680 81371.1344 49912.7206
1785455680.730 81371.1344 49912.7206
1785455680.780 81371.1344 49912.7206
1785455680.831 81371.1344 49912.7206
1785455680.881 81371.1344 49912.7206
1785455680.931 81371.1344 49912.7206
1785455680.981 81371.1344 49912.7206
1785455681.031 81371.1344 49912.7206
1785455681.081 81371.1344 49912.7206
1785455681.131 81371.1344 49912.7206
1785455681.181 81371.1344 49912.7206
1785455681.232 81371.1344 49912.7206
1785455681.282 81371.1344 49912.7206
1785455681.332 81371.1344 49912.7206
1785455681.382 81371.1344 49912.7206
1785455681.432 81371.1344 49912.7206
1785455681.482 81371.1344 49912.7206
1785455681.532 81371.1344 49912.7206
1785455681.583 81371.1344 49912.7206
1785455681.633 81371.1344 49912.7206
1785455681.683 81371.1344 49912.7206
1785455681.733 81371.1344 49912.7206
1785455681.783 81371.1344 49912.7206
1785455681.833 81371.1344 49912.7206
1785455681.883 81371.1344 49912.7206
1785455681.933 81371.1344 49912.7206
1785455681.984 81371.1344 49912.7206
1785455682.034 81371.1344 49912.7206
1785455682.084 81371.1344 49912.7206
1785455682.134 81371.1344 49912.7206
1785455682.184 81371.1344 49912.7206
1785455682.234 81371.1344 49912.7206
1785455682.284 81371.1344 49912.7206
1785455682.334 81371.1344 49912.7206
1785455682.385 81371.1344 49912.7206
1785455682.435 81371.1344 49912.7206
1785455682.485 81371.1344 49912.7206
1785455682.535 81371.1344 49912.7206
1785455682.585 81371.1344 49912.7206
1785455682.636 81371.1344 49912.7206
1785455682.686 81371.1344 49912.7206
1785455682.736 81371.1344 49912.7206
1785455682.786 81371.1344 49912.7206
1785455682.836 81371.1344 49912.7206
1785455682.886 81371.1344 49912.7206
1785455682.936 81371.1344 49912.7206
1785455682.987 81371.1344 49912.7206
1785455683.037 81371.1344 49912.7206
1785455683.087 81371.1344 49912.7206
1785455683.137 81371.1344 49912.7206
1785455683.187 81371.1344 49912.7206
1785455683.237 81371.1344 49912.7206
1785455683.287 81371.1344 49912.7206
1785455683.337 81371.1344 49912.7206
1785455683.387 81371.1344 49912.7206
1785455683.438 81371.1344 49912.7206
1785455683.488 81371.1344 49912.7206
1785455683.538 81371.1344 49912.7206
1785455683.588 81371.1344 49912.7206
1785455683.638 81371.1344 49912.7206
1785455683.688 81371.1344 49912.7206
1785455683.738 81371.1344 49912.7206
1785455683.789 81371.1344 49912.7206
1785455683.839 81371.1344 49912.7206
1785455683.889 81371.1344 49912.7206
1785455683.939 81371.1344 49912.7206
1785455683.989 81371.1344 49912.7206
1785455684.039 81371.1344 49912.7206
1785455684.090 81371.1344 49912.7206
1785455684.140 81371.1344 49912.7206
1785455684.190 81371.1344 49912.7206
1785455684.240 81371.1344 49912.7206
1785455684.290 81371.1344 49912.7206
1785455684.340 81371.1344 49912.7206
1785455684.390 81371.1344 49912.7206
1785455684.440 81371.1344 49912.7206
1785455684.491 81371.1344 49912.7206
1785455684.541 81371.1344 49912.7206
1785455684.591 81371.1344 49912.7206
1785455684.641 81371.1344 49912.7206
1785455684.691 81371.1344 49912.7206
1785455684.741 81371.1344 49912.7206
1785455684.791 81371.1344 49912.7206
1785455684.841 81371.1344 49912.7206
1785455684.892 81371.1344 49912.7206
1785455684.942 81371.1344 49912.7206
1785455684.992 81371.1344 49912.7206
1785455685.042 81371.1344 49912.7206
1785455685.092 81371.1344 49912.7206
1785455685.142 81371.1344 49912.7206
1785455685.192 81371.1344 49912.7206
1785455685.242 81371.1344 49912.7206
1785455685.293 81371.1344 49912.7206
1785455685.343 81371.1344 49912.7206
1785455685.393 81371.1344 49912.7206
1785455685.443 81371.1344 49912.7206
1785455685.493 81371.1344 49912.7206
1785455685.543 81371.1344 49912.7206
1785455685.593 81371.1344 49912.7206
1785455685.643 81371.1344 49912.7206
1785455685.694 81371.1344 49912.7206
1785455685.744 81371.1344 49912.7206
1785455685.794 81371.1344 49912.7206
1785455685.844 81371.1344 49912.7206
1785455685.894 81371.1344 49912.7206
1785455685.944 81371.1344 49912.7206
1785455685.994 81371.1344 49912.7206
1785455686.044 81371.1344 49912.7206
1785455686.095 81371.1344 49912.7206
1785455686.145 81371.1344 49912.7206
1785455686.195 81371.1344 49912.7206
1785455686.245 81371.1344 49912.7206
1785455686.295 81371.1344 49912.7206
1785455686.345 81371.1344 49912.7206
1785455686.395 81371.1344 49912.7206
1785455686.445 81371.1344 49912.7206
1785455686.495 81371.1344 49912.7206
1785455686.546 81371.1344 49912.7206
1785455686.596 81371.1344 49912.7206
1785455686.646 81371.1344 49912.7206
1785455686.696 81371.1344 49912.7206
1785455686.746 81371.1344 49912.7206
1785455686.796 81371.1344 49912.7206
1785455686.846 81371.1344 49912.7206
1785455686.896 81371.1344 49912.7206
1785455686.946 81371.1344 49912.7206
1785455686.997 81371.1344 49912.7206
1785455687.047 81371.1344 49912.7206
1785455687.097 81371.1344 49912.7206
1785455687.147 81371.1344 49912.7206
1785455687.197 81371.1344 49912.7206
1785455687.247 81371.1344 49912.7206
1785455687.297 81371.1344 49912.7206
1785455687.348 81371.1344 49912.7206
1785455687.398 81371.1344 49912.7206
1785455687.448 81371.1344 49912.7206
1785455687.498 81371.1344 49912.7206
1785455687.548 81371.1344 49912.7206
1785455687.598 81371.1344 49912.7206
