1785455668.061 81371.1484 49912.7266
1785455668.100 81371.1172 49912.7344
1785455668.151 81371.1484 49912.7422
1785455668.200 81371.1094 49912.7266
1785455668.251 81371.1562 49912.7617
1785455668.300 81371.1172 49912.7305
1785455668.352 81371.1484 49912.7383
1785455668.402 81371.1016 49912.7383
1785455668.451 81371.1562 49912.7461
1785455668.500 81371.1094 49912.7188
1785455668.552 81371.1328 49912.7383
1785455668.605 81371.1094 49912.7305
1785455668.652 81371.1562 49912.7578
1785455668.701 81371.1094 49912.7383
1785455668.752 81371.1328 49912.7422
1785455668.803 81371.1016 49912.7344
1785455668.853 81371.1484 49912.7539
1785455668.901 81371.1094 49912.7305
1785455668.958 81371.1719 49912.7695
1785455669.002 81371.1094 49912.7383
1785455669.053 81371.1406 49912.7383
1785455669.104 81371.1172 49912.7305
1785455669.154 81371.1562 49912.7422
1785455669.203 81371.1172 49912.7188
1785455669.252 81371.1641 49912.7500
1785455669.304 81371.1172 49912.7227
1785455669.353 81371.1484 49912.7383
1785455669.402 81371.1094 49912.7227
1785455669.452 81371.1562 49912.7617
1785455669.503 81371.1016 49912.7461
1785455669.555 81371.1562 49912.7539
1785455669.605 81371.1172 49912.7344
1785455669.654 81371.1406 49912.7578
1785455669.705 81371.1094 49912.7383
1785455669.754 81371.1406 49912.7305
1785455669.805 81371.1172 49912.7305
1785455669.855 81371.1641 49912.7539
1785455669.906 81371.1094 49912.7344
1785455669.958 81371.1328 49912.7383
1785455670.004 81371.1094 49912.7344
1785455670.056 81371.1641 49912.7734
1785455670.105 81371.1094 49912.7305
1785455670.157 81371.1406 49912.7539
1785455670.206 81371.1094 49912.7461
1785455670.257 81371.1328 49912.7422
1785455670.305 81371.1094 49912.7266
1785455670.356 81371.1562 49912.7578
1785455670.405 81371.1094 49912.7344
1785455670.456 81371.1484 49912.7695
1785455670.506 81371.1172 49912.7188
1785455670.556 81371.1641 49912.7578
1785455670.606 81371.1172 49912.7266
1785455670.656 81371.1484 49912.7617
1785455670.706 81371.1172 49912.7383
1785455670.756 81371.1562 49912.7461
1785455670.806 81371.1016 49912.7344
1785455670.856 81371.1562 49912.7500
1785455670.904 81371.1172 49912.7227
1785455670.956 81371.1328 49912.7461
1785455671.006 81371.1094 49912.7305
1785455671.057 81371.1562 49912.7578
1785455671.106 81371.1094 49912.7227
1785455671.158 81371.1562 49912.7617
1785455671.208 81371.1172 49912.7227
1785455671.258 81371.1484 49912.7461
1785455671.307 81371.1250 49912.7188
1785455671.356 81371.1406 49912.7383
1785455671.408 81371.1094 49912.7461
1785455671.458 81371.1328 49912.7266
1785455671.507 81371.1172 49912.7266
1785455671.558 81371.1641 49912.7539
1785455671.609 81371.1094 49912.7305
1785455671.659 81371.1641 49912.7500
1785455671.707 81371.1172 49912.7266
1785455671.758 81371.1484 49912.7578
1785455671.808 81371.1094 49912.7305
1785455671.859 81371.1562 49912.7461
1785455671.909 81371.1094 49912.7383
1785455671.960 81371.1484 49912.7617
1785455672.008 81371.1016 49912.7383
1785455672.059 81371.1562 49912.7578
1785455672.108 81371.1016 49912.7344
1785455672.159 81371.1562 49912.7500
1785455672.210 81371.1172 49912.7305
1785455672.261 81371.1328 49912.7227
1785455672.310 81371.1094 49912.7344
1785455672.360 81371.1328 49912.7383
1785455672.409 81371.1094 49912.7383
1785455672.461 81371.1562 49912.7578
1785455672.510 81371.1172 49912.7344
1785455672.562 81371.1484 49912.7539
1785455672.610 81371.1016 49912.7578
1785455672.660 81371.1484 49912.7578
1785455672.711 81371.1172 49912.7422
1785455672.760 81371.1562 49912.7539
1785455672.809 81371.1094 49912.7422
1785455672.861 81371.1484 49912.7539
1785455672.911 81371.1094 49912.7344
1785455672.963 81371.1484 49912.7422
1785455673.010 81371.1094 49912.7383
1785455673.062 81371.1484 49912.7422
1785455673.110 81371.1094 49912.7227
1785455673.161 81371.1562 49912.7500
1785455673.214 81371.1172 49912.7422
1785455673.261 81371.1562 49912.7500
1785455673.310 81371.1172 49912.7305
1785455673.361 81371.1406 49912.7461
1785455673.412 81371.1094 49912.7305
1785455673.461 81371.1641 49912.7656
1785455673.513 81371.1094 49912.7344
1785455673.563 81371.1562 49912.7383
1785455673.611 81371.1094 49912.7461
1785455673.663 81371.1641 49912.7656
1785455673.710 81371.1094 49912.7422
1785455673.762 81371.1250 49912.7305
1785455673.812 81371.1094 49912.7266
1785455673.862 81371.1641 49912.7578
1785455673.912 81371.1094 49912.7422
1785455673.965 81371.1562 49912.7500
1785455674.012 81371.1250 49912.7227
1785455674.062 81371.1484 49912.7500
1785455674.114 81371.1172 49912.7461
1785455674.165 81371.1562 49912.7656
1785455674.216 81371.1172 49912.7188
1785455674.264 81371.1562 49912.7539
1785455674.313 81371.1094 49912.7305
1785455674.366 81371.1562 49912.7656
1785455674.412 81371.1172 49912.7227
1785455674.466 81371.1484 49912.7500
1785455674.514 81371.1094 49912.7422
1785455674.564 81371.1562 49912.7539
1785455674.612 81371.1172 49912.7383
1785455674.665 81371.1562 49912.7734
1785455674.713 81371.1094 49912.7383
1785455674.765 81371.1484 49912.7539
1785455674.815 81371.1094 49912.7305
1785455674.865 81371.1484 49912.7344
1785455674.914 81371.1094 49912.7344
1785455674.965 81371.1328 49912.7344
1785455675.014 81371.1172 49912.7305
1785455675.065 81371.1484 49912.7383
1785455675.114 81371.1094 49912.7383
1785455675.164 81371.1484 49912.7500
1785455675.213 81371.1172 49912.7305
1785455675.266 81371.1719 49912.7539
1785455675.314 81371.1094 49912.7266
1785455675.365 81371.1406 49912.7383
1785455675.415 81371.1094 49912.7266
1785455675.467 81371.1562 49912.7539
1785455675.515 81371.1094 49912.7305
1785455675.565 81371.1328 49912.7383
1785455675.615 81371.1172 49912.7266
1785455675.667 81371.1562 49912.7500
1785455675.717 81371.1094 49912.7344
1785455675.765 81371.1484 49912.7422
1785455675.816 81371.1250 49912.7266
1785455675.868 81371.1250 49912.7266
1785455675.916 81371.1094 49912.7266
1785455675.967 81371.1406 49912.7578
1785455676.018 81371.1094 49912.7344
1785455676.069 81371.1484 49912.7422
1785455676.116 81371.1016 49912.7383
1785455676.167 81371.1484 49912.7461
1785455676.217 81371.1016 49912.7539
1785455676.266 81371.1484 49912.7461
1785455676.315 81371.1094 49912.7383
1785455676.369 81371.1562 49912.7461
1785455676.415 81371.1094 49912.7227
1785455676.468 81371.1484 49912.7539
1785455676.517 81371.1172 49912.7188
1785455676.567 81371.1250 49912.7305
1785455676.617 81371.1016 49912.7305
1785455676.670 81371.1562 49912.7422
1785455676.717 81371.1094 49912.7383
1785455676.771 81371.1641 49912.7617
1785455676.817 81371.1016 49912.7422
1785455676.871 81371.1328 49912.7383
1785455676.918 81371.1172 49912.7383
1785455676.969 81371.1562 49912.7578
1785455677.021 81371.1172 49912.7305
1785455677.070 81371.1562 49912.7656
1785455677.119 81371.1172 49912.7266
1785455677.173 81371.1484 49912.7461
1785455677.218 81371.1172 49912.7305
1785455677.271 81371.1562 49912.7539
1785455677.320 81371.1094 49912.7305
1785455677.370 81371.1406 49912.7383
1785455677.418 81371.1094 49912.7305
1785455677.472 81371.1406 49912.7539
1785455677.519 81371.1172 49912.7344
1785455677.569 81371.1484 49912.7461
1785455677.618 81371.1172 49912.7266
1785455677.670 81371.1484 49912.7461
1785455677.719 81371.1172 49912.7266
1785455677.770 81371.1484 49912.7461
1785455677.819 81371.1172 49912.7227
1785455677.869 81371.1484 49912.7500
1785455677.920 81371.1094 49912.7266
1785455677.972 81371.1562 49912.7500
1785455678.020 81371.1172 49912.7305
1785455678.071 81371.1484 49912.7461
1785455678.123 81371.1250 49912.7344
1785455678.170 81371.1562 49912.7461
1785455678.221 81371.1094 49912.7227
1785455678.273 81371.1484 49912.7461
1785455678.320 81371.1094 49912.7305
1785455678.371 81371.1562 49912.7578
1785455678.420 81371.1016 49912.7500
1785455678.470 81371.1641 49912.7500
1785455678.521 81371.1094 49912.7383
1785455678.572 81371.1484 49912.7305
1785455678.620 81371.1016 49912.7344
1785455678.673 81371.1328 49912.7344
1785455678.722 81371.1172 49912.7422
1785455678.772 81371.1406 49912.7422
1785455678.823 81371.1172 49912.7188
1785455678.873 81371.1484 49912.7500
1785455678.923 81371.1094 49912.7227
1785455678.972 81371.1484 49912.7461
1785455679.021 81371.1016 49912.7539
1785455679.074 81371.1562 49912.7383
1785455679.123 81371.1094 49912.7383
1785455679.173 81371.1250 49912.7188
1785455679.223 81371.1094 49912.7500
1785455679.276 81371.1328 49912.7383
1785455679.323 81371.1094 49912.7383
1785455679.372 81371.1562 49912.7539
1785455679.425 81371.1250 49912.7266
1785455679.475 81371.1484 49912.7461
1785455679.521 81371.1016 49912.7344
1785455679.573 81371.1484 49912.7461
1785455679.624 81371.1172 49912.7344
1785455679.675 81371.1484 49912.7461
1785455679.723 81371.1016 49912.7383
1785455679.773 81371.1562 49912.7422
1785455679.823 81371.1094 49912.7305
1785455679.875 81371.1562 49912.7500
1785455679.924 81371.1172 49912.7227
1785455679.977 81371.1562 49912.7578
1785455680.024 81371.1172 49912.7344
1785455680.074 81371.1641 49912.7500
1785455680.122 81371.1172 49912.7422
1785455680.174 81371.1641 49912.7461
1785455680.223 81371.1094 49912.7344
1785455680.276 81371.1484 49912.7305
1785455680.326 81371.1094 49912.7227
1785455680.376 81371.1562 49912.7617
1785455680.424 81371.1094 49912.7383
1785455680.473 81371.1328 49912.7344
1785455680.524 81371.1016 49912.7422
1785455680.575 81371.1484 49912.7539
1785455680.624 81371.1094 49912.7227
1785455680.676 81371.1562 49912.7539
1785455680.724 81371.1094 49912.7305
1785455680.778 81371.1484 49912.7578
1785455680.824 81371.1016 49912.7539
1785455680.877 81371.1719 49912.7617
1785455680.924 81371.1094 49912.7344
1785455680.978 81371.1484 49912.7617
1785455681.027 81371.1094 49912.7266
1785455681.078 81371.1406 49912.7500
1785455681.126 81371.1016 49912.7461
1785455681.178 81371.1484 49912.7578
1785455681.227 81371.1094 49912.7422
1785455681.278 81371.1484 49912.7617
1785455681.326 81371.1094 49912.7305
1785455681.376 81371.1484 49912.7539
1785455681.426 81371.1094 49912.7461
1785455681.479 81371.1562 49912.7695
1785455681.526 81371.1328 49912.7188
1785455681.579 81371.1562 49912.7578
1785455681.627 81371.1094 49912.7344
1785455681.678 81371.1562 49912.7500
1785455681.726 81371.1094 49912.7422
1785455681.778 81371.1562 49912.7461
1785455681.828 81371.1094 49912.7461
1785455681.878 81371.1484 49912.7539
1785455681.929 81371.1094 49912.7344
1785455681.977 81371.1406 49912.7422
1785455682.028 81371.1094 49912.7383
1785455682.078 81371.1562 49912.7461
1785455682.128 81371.1172 49912.7266
1785455682.178 81371.1562 49912.7734
1785455682.233 81371.1016 49912.7461
1785455682.280 81371.1562 49912.7656
1785455682.327 81371.1172 49912.7188
1785455682.383 81371.1484 49912.7539
1785455682.428 81371.1094 49912.7422
1785455682.480 81371.1484 49912.7539
1785455682.529 81371.1094 49912.7305
1785455682.579 81371.1562 49912.7617
1785455682.629 81371.1094 49912.7383
1785455682.680 81371.1484 49912.7461
1785455682.730 81371.1094 49912.7422
1785455682.781 81371.1328 49912.7305
1785455682.829 81371.1250 49912.7227
1785455682.882 81371.1641 49912.7656
1785455682.929 81371.1094 49912.7383
1785455682.981 81371.1406 49912.7539
1785455683.031 81371.1094 49912.7422
1785455683.080 81371.1484 49912.7461
1785455683.129 81371.1172 49912.7227
1785455683.179 81371.1406 49912.7422
1785455683.233 81371.1094 49912.7383
1785455683.280 81371.1406 49912.7422
1785455683.331 81371.1094 49912.7344
1785455683.381 81371.1484 49912.7578
1785455683.430 81371.1094 49912.7344
1785455683.479 81371.1484 49912.7617
1785455683.530 81371.0938 49912.7422
1785455683.581 81371.1641 49912.7500
1785455683.631 81371.1094 49912.7305
1785455683.684 81371.1484 49912.7422
1785455683.731 81371.1094 49912.7344
1785455683.780 81371.1328 49912.7500
1785455683.831 81371.1094 49912.7305
1785455683.883 81371.1406 49912.7539
1785455683.930 81371.1094 49912.7383
1785455683.982 81371.1562 49912.7461
1785455684.033 81371.1094 49912.7266
1785455684.083 81371.1562 49912.7422
1785455684.131 81371.1094 49912.7266
1785455684.185 81371.1562 49912.7500
1785455684.235 81371.1094 49912.7344
1785455684.282 81371.1484 49912.7539
1785455684.334 81371.1094 49912.7461
1785455684.383 81371.1406 49912.7539
1785455684.433 81371.1094 49912.7266
1785455684.485 81371.1484 49912.7500
1785455684.533 81371.1016 49912.7344
1785455684.584 81371.1641 49912.7617
1785455684.632 81371.0938 49912.7500
1785455684.685 81371.1562 49912.7539
1785455684.734 81371.1172 49912.7461
1785455684.785 81371.1484 49912.7500
1785455684.834 81371.1094 49912.7461
1785455684.884 81371.1562 49912.7578
1785455684.933 81371.1172 49912.7266
1785455684.985 81371.1719 49912.7578
1785455685.033 81371.1094 49912.7266
1785455685.084 81371.1484 49912.7461
1785455685.136 81371.1172 49912.7383
1785455685.184 81371.1406 49912.7422
1785455685.233 81371.1172 49912.7344
1785455685.284 81371.1641 49912.7539
1785455685.334 81371.1094 49912.7383
1785455685.386 81371.1484 49912.7539
1785455685.434 81371.1094 49912.7305
1785455685.488 81371.1641 49912.7617
1785455685.538 81371.1172 49912.7305
1785455685.586 81371.1406 49912.7422
1785455685.635 81371.1094 49912.7344
1785455685.686 81371.1406 49912.7500
1785455685.735 81371.1016 49912.7422
1785455685.785 81371.1406 49912.7422
1785455685.839 81371.1172 49912.7422
1785455685.885 81371.1641 49912.7656
1785455685.936 81371.1172 49912.7266
1785455685.987 81371.1484 49912.7422
1785455686.037 81371.1016 49912.7344
1785455686.086 81371.1484 49912.7578
1785455686.135 81371.1094 49912.7305
1785455686.187 81371.1484 49912.7344
1785455686.237 81371.1094 49912.7422
1785455686.287 81371.1562 49912.7539
1785455686.335 81371.1016 49912.7344
1785455686.388 81371.1250 49912.7266
1785455686.437 81371.1094 49912.7461
1785455686.487 81371.1562 49912.7500
1785455686.537 81371.1094 49912.7305
1785455686.586 81371.1562 49912.7578
1785455686.639 81371.1094 49912.7422
1785455686.688 81371.1562 49912.7539
1785455686.739 81371.1094 49912.7344
1785455686.788 81371.1562 49912.7500
1785455686.840 81371.1250 49912.7500
1785455686.890 81371.1406 49912.7461
1785455686.939 81371.1094 49912.7344
1785455686.991 81371.1406 49912.7344
1785455687.039 81371.1094 49912.7500
1785455687.089 81371.1562 49912.7656
1785455687.139 81371.1094 49912.7344
1785455687.191 81371.1328 49912.7383
1785455687.238 81371.1016 49912.7383
1785455687.289 81371.1562 49912.7461
1785455687.340 81371.1094 49912.7344
1785455687.388 81371.1484 49912.7461
1785455687.439 81371.1016 49912.7344
1785455687.491 81371.1562 49912.7500
1785455687.540 81371.1094 49912.7305
1785455687.592 81371.1719 49912.7695
1785455687.641 81371.1094 49912.7383
1785455687.692 81371.1719 49912.7578
1785455687.740 81371.1172 49912.7344
1785455687.790 81371.1484 49912.7422
1785455687.839 81371.1172 49912.7227
1785455687.890 81371.1562 49912.7461
1785455687.940 81371.1250 49912.7266
1785455687.991 81371.1406 49912.7383
1785455688.041 81371.1094 49912.7383
