12.8274
12.4121
11.9973
11.5831
11.1696
10.7567
10.3442
9.9322
9.5210
9.1105
8.7007
8.2913
7.8822
7.4731
7.0641
6.6552
6.2465
5.8378
5.4289
5.0199
4.6111
4.2041
3.8008
3.4023
3.0094
2.6233
2.2450
1.8756
1.5161
1.1677
0.8313
0.5081
0.2007
0.1087
0.3824
0.6458
0.8934
1.1245
1.3387
1.5358
1.7159
1.8792
2.0261
2.1573
2.2739
2.3767
2.4670
2.5461
2.6155
2.6767
2.7311
2.7802
2.8255
2.8682
2.9101
2.9519
2.9937
3.0355
3.0774
3.1196
3.1621
3.2052
3.2490
3.2935
3.3389
3.3852
3.4325
3.4805
3.5292
3.5786
3.6284
3.6785
3.7288
3.7792
3.8294
3.8772
3.9217
3.9621
3.9980
4.0288
4.0543
4.0744
4.0889
4.0981
4.0989
4.0989
4.0989
4.0989
4.0989
4.0989
4.0989
4.0989
4.0989
4.0989
4.0989
4.0989
4.0989
4.0989
4.0989
4.0989
4.0989
4.0989
4.0989
4.0989
4.0989
4.0989
4.0989
4.0989
4.0989
4.0989
4.0989
4.0989
4.0989
4.0989
4.0989
4.0989
4.0989
4.0989
4.0989
4.0989
4.0989
4.0989
4.0989
4.0989
4.0989
4.0989
4.0989
4.0989
4.0989
4.0989
4.0989
4.0989
4.0989
4.0989
4.0989
4.0989
4.0989
4.0989
4.0989
4.0989
4.0989
4.0989
4.0989
4.0989
4.0989
4.0989
4.0989
4.0989
4.0989
4.0989
4.0989
4.0989
4.0989
4.0989
4.0989
4.0989
4.0989
4.0989
4.0989
4.0989
4.0989
4.0989
4.0989
4.0989
4.0989
4.0989
4.0989
4.0989
4.0989
4.0989
4.0989
4.0989
4.0989
4.0989
4.0989
4.0989
4.0989
4.0989
4.0989
4.0989
4.0989
4.0989
4.0989
4.0989
4.0989
4.0989
4.0989
4.0989
4.0989
4.0989
4.0989
4.0989
4.0989
4.0989
4.0989
4.0989
4.0989
4.0989
4.0989
4.0989
4.0989
4.0989
4.0989
4.0989
4.0989
4.0989
4.0989
4.0989
4.0989
4.0989
4.0989
4.0989
4.0989
4.0989
4.0989
4.0989
4.0989
4.0989
4.0989
4.0989
4.0989
4.0989
4.0989
4.0989
4.0989
4.0989
4.0989
4.0989
4.0989
4.0989
4.0989
4.0989
4.0989
4.0989
4.0989
4.0989
4.0989
4.0989
4.0989
4.0989
4.0989
4.0989
4.0989
4.0989
4.0989
4.0989
4.0989
4.0989
4.0989
4.0989
4.0989
4.0989
4.0989
4.0989
4.0989
4.0989
4.0989
4.0989
4.0989
4.0989
4.0989
4.0989
4.0989
4.0989
4.0989
4.0989
4.0989
4.0989
4.0989
4.0989
4.0989
4.0989
4.0989
4.0989
4.0989
4.0989
4.0989
4.0989
4.0989
4.0989
4.0989
4.0989
4.0989
4.0989
4.0989
4.0989
4.0989
4.0989
4.0989
4.0989
4.0989
4.0989
4.0989
4.0989
4.0989
4.0989
4.0989
4.0989
4.0989
4.0989
4.0989
4.0989
4.0989
4.0989
4.0989
4.0989
4.0989
4.0989
4.0989
4.0989
4.0989
4.0989
4.0989
4.0989
4.0989
4.0989
4.0989
4.0989
4.0989
4.0989
4.0989
4.0989
4.0989
4.0989
4.0989
4.0989
4.0989
4.0989
4.0989
4.0989
4.0989
4.0989
4.0989
4.0989
4.0989
4.0989
4.0989
4.0989
4.0989
4.0989
4.0989
4.0989
4.0989
4.0989
4.0989
4.0989
4.0989
4.0989
4.0989
4.0989
4.0989
4.0989
4.0989
4.0989
4.0989
4.0989
4.0989
4.0989
4.0989
4.0989
4.0989
4.0989
4.0989
4.0989
4.0989
4.0989
4.0989
4.0989
4.0989
4.0989
4.0989
4.0989
4.0989
4.0989
4.0989
4.0989
4.0989
4.0989
4.0989
4.0989
4.0989
4.0989
4.0989
4.0989
4.0989
4.0989
4.0989
4.0989
4.0989
4.0989
4.0989
4.0989
4.0989
4.0989
4.0989
4.0989
4.0989
4.0989
4.0989
4.0989
4.0989
4.0989
4.0989
4.0989
4.0989
4.0989
4.0989
4.0989
4.0989
4.0989
4.0989
4.0989
4.0989
4.0989
4.0989
4.0989
4.0989
4.0989
4.0989
4.0989
4.0989
4.0989
4.0989
4.0989
4.0989
4.0989
4.0989
4.0989
4.0989
4.0989
4.0989
4.0989
4.0989
4.0989
4.0989
4.0989
4.0989
4.0989
4.0989
4.0989
4.0989
4.0989
4.0989
4.0989
4.0989
4.0989
4.0989
4.0989
4.0989
4.0989
4.0989
4.0989
4.0989
4.0989
4.0989
4.0989
4.0989
4.0989
4.0989
4.0989
4.0989
4.0989
4.0989
4.0989
4.0989
4.0989
4.0989
4.0989
4.0989
4.0989
4.0989
4.0989
4.0989
4.0989
4.0989
4.0989
4.0989
4.0989
4.0989
4.0989
4.0989
4.0989
4.0989
4.0989
4.0989
4.0989
4.0989
4.0989
4.0989
4.0989
4.0989
4.0989
4.0989
4.0989
4.0989
4.0989
4.0989
4.0989
4.0989
4.0989
4.0989
4.0989
4.0989
4.0989
4.0989
4.0989
4.0989
4.0989
4.0989
4.0989
4.0989
4.0989
4.0989
4.0989
4.0989
4.0989
4.0989
4.0989
4.0989
4.0989
4.0989
4.0989
4.0989
4.0989
4.0989
4.0989
4.0989
4.0989
4.0989
4.0989
4.0989
4.0989
4.0989
4.0989
4.0989
4.0989
4.0989
4.0989
4.0989
4.0989
4.0989
4.0989
4.0989
4.0989
4.0989
4.0989
4.0989
4.0989
4.0989
4.0989
4.0989
4.0989
4.0989
4.0989
4.0989
4.0989
4.0989
4.0989
4.0989
4.0989
4.0989
4.0989
4.0989
4.0989
4.0989
4.0989
4.0989
4.0989
4.0989
4.0989
4.0989
4.0989
4.0989
4.0989
4.0989
4.0989
4.0989
4.0989
4.0989
4.0989
4.0989
4.0989
4.0989
4.0989
4.0989
4.0989
4.0989
4.0989
4.0989
4.0989
4.0989
4.0989
4.0989
4.0989
4.0989
4.0989
4.0989
4.0989
4.0989
4.0989
4.0989
4.0989
4.0989
4.0989
4.0989
4.0989
4.0989
4.0989
4.0989
4.0989
4.0989
4.0989
4.0989
4.0989
4.0989
4.0989
4.0989
4.0989
4.0989
4.0989
4.0989
4.0989
4.0989
4.0989
4.0989
4.0989
4.0989
4.0989
4.0989
4.0989
4.0989
4.0989
4.0989
4.0989
4.0989
4.0989
4.0989
4.0989
4.0989
4.0989
4.0989
4.0989
4.0989
4.0989
4.0989
4.0989
4.0989
4.0989
4.0989
4.0989
4.0989
4.0989
4.0989
4.0989
4.0989
4.0989
4.0989
4.0989
4.0989
4.0989
4.0989
4.0989
4.0989
4.0989
4.0989
4.0989
4.0989
4.0989
4.0989
4.0989
4.0989
4.0989
4.0989
4.0989
4.0989
4.0989
4.0989
4.0989
4.0989
4.0989
4.0989
4.0989
4.0989
4.0989
4.0989
4.0989
4.0989
4.0989
4.0989
4.0989
4.0989
4.0989
4.0989
4.0989
4.0989
4.0989
4.0989
4.0989
4.0989
4.0989
4.0989
4.0989
4.0989
4.0989
4.0989
4.0989
4.0989
4.0989
4.0989
4.0989
4.0989
4.0989
4.0989
4.0989
4.0989
4.0989
4.0989
4.0989
4.0989
4.0989
4.0989
4.0989
4.0989
4.0989
4.0989
4.0989
4.0989
4.0989
4.0989
4.0989
4.0989
4.0989
4.0989
4.0989
4.0989
4.0989
4.0989
4.0989
4.0989
4.0989
4.0989
4.0989
4.0989
4.0989
4.0989
4.0989
4.0989
4.0989
4.0989
4.0989
4.0989
4.0989
4.0989
4.0989
4.0989
4.0989
4.0989
4.0989
4.0989
4.0989
4.0989
4.0989
4.0989
4.0989
4.0989
4.0989
4.0989
4.0989
4.0989
4.0989
4.0989
4.0989
4.0989
4.0989
4.0989
4.0989
4.0989
4.0989
4.0989
4.0989
4.0989
4.0989
4.0989
4.0989
4.0989
4.0989
4.0989
4.0989
4.0989
4.0989
4.0989
4.0989
4.0989
4.0989
4.0989
4.0989
4.0989
4.0989
4.0989
4.0989
4.0989
4.0989
4.0989
4.0989
4.0989
4.0989
4.0989
4.0989
4.0989
4.0989
4.0989
4.0989
4.0989
4.0989
4.0989
4.0989
4.0989
4.0989
4.0989
4.0989
4.0989
4.0989
4.0989
4.0989
4.0989
4.0989
4.0989
4.0989
4.0989
4.0989
4.0989
4.0989
4.0989
4.0989
4.0989
4.0989
4.0989
4.0989
4.0989
4.0989
4.0989
4.0989
4.0989
4.0989
4.0989
4.0989
4.0989
4.0989
4.0989
4.0989
4.0989
4.0989
4.0989
4.0989
4.0989
4.0989
4.0989
4.0989
4.0989
4.0989
4.0989
4.0989
4.0989
4.0989
4.0989
4.0989
4.0989
4.0989
4.0989
4.0989
4.0989
4.0989
4.0989
4.0989
4.0989
4.0989
4.0989
4.0989
4.0989
4.0989
4.0989
4.0989
4.0989
4.0989
4.0989
4.0989
4.0989
4.0989
4.0989
4.0989
4.0989
4.0989
4.0989
4.0989
4.0989
4.0989
4.0989
4.0989
4.0989
4.0989
4.0989
4.0989
4.0989
4.0989
4.0989
4.0989
4.0989
4.0989
4.0989
4.0989
4.0989
4.0989
4.0989
4.0989
4.0989
4.0989
4.0989
4.0989
4.0989
4.0989
4.0989
4.0989
4.0989
4.0989
4.0989
4.0989
4.0989
4.0989
4.0989
4.0989
4.0989
4.0989
4.0989
4.0989
4.0989
4.0989
4.0989
4.0989
4.0989
4.0989
4.0989
4.0989
4.0989
4.0989
4.0989
4.0989
4.0989
4.0989
4.0989
4.0989
4.0989
4.0989
4.0989
4.0989
4.0989
4.0989
4.0989
4.0989
4.0989
4.0989
4.0989
4.0989
4.0989
4.0989
4.0989
4.0989
4.0989
4.0989
4.0989
4.0989
4.0989
4.0989
4.0989
4.0989
4.0989
4.0989
4.0989
4.0989
4.0989
4.0989
4.0989
4.0989
4.0989
4.0989
4.0989
4.0989
4.0989
4.0989
4.0989
4.0989
4.0989
4.0989
4.0989
4.0989
4.0989
4.0989
4.0989
4.0989
