1785380702.267 55.3321 -141.1693
1785380702.317 55.3321 -141.1693
1785380702.367 55.3321 -141.1693
1785380702.417 55.3321 -141.1693
1785380702.468 55.3321 -141.1693
1785380702.518 55.3321 -141.1693
1785380702.568 55.3321 -141.1693
1785380702.618 55.3321 -141.1693
1785380702.668 55.3321 -141.1693
1785380702.718 55.3321 -141.1693
1785380702.768 55.3321 -141.1693
1785380702.818 55.3321 -141.1693
1785380702.869 55.3321 -141.1693
1785380702.919 55.3321 -141.1693
1785380702.969 55.3321 -141.1693
1785380703.019 55.3321 -141.1693
1785380703.069 55.3321 -141.1693
1785380703.119 55.3321 -141.1693
1785380703.169 55.3321 -141.1693
1785380703.219 55.3321 -141.1693
1785380703.270 55.3321 -141.1693
1785380703.320 55.3321 -141.1693
1785380703.370 55.3321 -141.1693
1785380703.420 55.3321 -141.1693
1785380703.470 55.3321 -141.1693
1785380703.520 55.3321 -141.1693
1785380703.570 55.3321 -141.1693
1785380703.620 55.3321 -141.1693
1785380703.670 55.3321 -141.1693
1785380703.721 55.3321 -141.1693
1785380703.771 55.3321 -141.1693
1785380703.821 55.3321 -141.1693
1785380703.871 55.3321 -141.1693
1785380703.921 55.3321 -141.1693
1785380703.971 55.3321 -141.1693
1785380704.021 55.3321 -141.1693
1785380704.071 55.3321 -141.1693
1785380704.122 55.3321 -141.1693
1785380704.172 55.3321 -141.1693
1785380704.222 55.3321 -141.1693
1785380704.272 55.3321 -141.1693
1785380704.322 55.3321 -141.1693
1785380704.372 55.3321 -141.1693
1785380704.422 55.3321 -141.1693
1785380704.472 55.3321 -141.1693
1785380704.522 55.3321 -141.1693
1785380704.573 55.3321 -141.1693
1785380704.623 55.3321 -141.1693
1785380704.673 55.3321 -141.1693
1785380704.723 55.3321 -141.1693
1785380704.773 55.3321 -141.1693
1785380704.823 55.3321 -141.1693
1785380704.873 55.3321 -141.1693
1785380704.923 55.3321 -141.1693
1785380704.973 55.3321 -141.1693
1785380705.024 55.3321 -141.1693
1785380705.074 55.3321 -141.1693
1785380705.124 55.3321 -141.1693
1785380705.174 55.3321 -141.1693
1785380705.224 55.3321 -141.1693
1785380705.274 55.3321 -141.1693
1785380705.324 55.3321 -141.1693
1785380705.374 55.3321 -141.1693
1785380705.425 55.3321 -141.1693
1785380705.475 55.3321 -141.1693
1785380705.525 55.3321 -141.1693
1785380705.575 55.3321 -141.1693
1785380705.625 55.3321 -141.1693
1785380705.675 55.3321 -141.1693
1785380705.725 55.3321 -141.1693
1785380705.775 55.3321 -141.1693
1785380705.826 55.3321 -141.1693
1785380705.876 55.3321 -141.1693
1785380705.926 55.3321 -141.1693
1785380705.976 55.3321 -141.1693
1785380706.026 55.3321 -141.1693
1785380706.076 55.3321 -141.1693
1785380706.126 55.3321 -141.1693
1785380706.176 55.3321 -141.1693
1785380706.227 55.3321 -141.1693
1785380706.277 55.3321 -141.1693
1785380706.327 55.3321 -141.1693
1785380706.377 55.3321 -141.1693
1785380706.427 55.3321 -141.1693
1785380706.477 55.3321 -141.1693
1785380706.527 55.3321 -141.1693
1785380706.577 55.3321 -141.1693
1785380706.627 55.3321 -141.1693
1785380706.678 55.3321 -141.1693
1785380706.728 55.3321 -141.1693
1785380706.778 55.3321 -141.1693
1785380706.828 55.3321 -141.1693
1785380706.878 55.3321 -141.1693
1785380706.928 55.3321 -141.1693
1785380706.978 55.3321 -141.1693
1785380707.029 55.3321 -141.1693
1785380707.079 55.3321 -141.1693
1785380707.129 55.3321 -141.1693
1785380707.180 55.3321 -141.1693
1785380707.230 55.3321 -141.1693
1785380707.280 55.3321 -141.1693
1785380707.330 55.3321 -141.1693
1785380707.380 55.3321 -141.1693
1785380707.430 55.3321 -141.1693
1785380707.480 55.3321 -141.1693
1785380707.530 55.3321 -141.1693
1785380707.581 55.3321 -141.1693
1785380707.631 55.3321 -141.1693
1785380707.681 55.3321 -141.1693
1785380707.731 55.3321 -141.1693
1785380707.781 55.3321 -141.1693
1785380707.831 55.3321 -141.1693
1785380707.881 55.3321 -141.1693
1785380707.931 55.3321 -141.1693
1785380707.981 55.3321 -141.1693
1785380708.032 55.3321 -141.1693
1785380708.082 55.3321 -141.1693
1785380708.132 55.3321 -141.1693
1785380708.182 55.3321 -141.1693
1785380708.232 55.3321 -141.1693
1785380708.282 55.3321 -141.1693
1785380708.332 55.3321 -141.1693
1785380708.382 55.3321 -141.1693
1785380708.432 55.3321 -141.1693
1785380708.483 55.3321 -141.1693
1785380708.533 55.3321 -141.1693
1785380708.583 55.3321 -141.1693
1785380708.633 55.3321 -141.1693
1785380708.683 55.3321 -141.1693
1785380708.733 55.3321 -141.1693
1785380708.783 55.3321 -141.1693
1785380708.833 55.3321 -141.1693
1785380708.883 55.3321 -141.1693
1785380708.934 55.3321 -141.1693
1785380708.984 55.3321 -141.1693
1785380709.034 55.3321 -141.1693
1785380709.084 55.3321 -141.1693
1785380709.134 55.3321 -141.1693
1785380709.184 55.3321 -141.1693
1785380709.234 55.3321 -141.1693
1785380709.284 55.3321 -141.1693
1785380709.334 55.3321 -141.1693
1785380709.385 55.3321 -141.1693
1785380709.435 55.3321 -141.1693
1785380709.485 55.3321 -141.1693
1785380709.535 55.3321 -141.1693
1785380709.586 55.3321 -141.1693
1785380709.636 55.3321 -141.1693
1785380709.686 55.3321 -141.1693
1785380709.736 55.3321 -141.1693
1785380709.786 55.3321 -141.1693
1785380709.836 55.3321 -141.1693
1785380709.886 55.3321 -141.1693
1785380709.937 55.3321 -141.1693
1785380709.987 55.3321 -141.1693
1785380710.037 55.3321 -141.1693
1785380710.087 55.3321 -141.1693
1785380710.137 55.3321 -141.1693
1785380710.187 55.3321 -141.1693
1785380710.238 55.3321 -141.1693
1785380710.288 55.3321 -141.1693
1785380710.338 55.3321 -141.1693
1785380710.388 55.3321 -141.1693
1785380710.438 55.3321 -141.1693
1785380710.488 55.3321 -141.1693
1785380710.538 55.3321 -141.1693
1785380710.588 55.3321 -141.1693
1785380710.639 55.3321 -141.1693
1785380710.689 55.3321 -141.1693
1785380710.739 55.3321 -141.1693
1785380710.789 55.3321 -141.1693
1785380710.839 55.3321 -141.1693
1785380710.889 55.3321 -141.1693
1785380710.939 55.3321 -141.1693
1785380710.989 55.3321 -141.1693
1785380711.040 55.3321 -141.1693
1785380711.090 55.3321 -141.1693
1785380711.140 55.3321 -141.1693
1785380711.190 55.3321 -141.1693
1785380711.240 55.3321 -141.1693
1785380711.290 55.3321 -141.1693
1785380711.340 55.3321 -141.1693
1785380711.390 55.3321 -141.1693
1785380711.440 55.3321 -141.1693
1785380711.491 55.3321 -141.1693
1785380711.541 55.3321 -141.1693
1785380711.591 55.3321 -141.1693
1785380711.641 55.3321 -141.1693
1785380711.691 55.3321 -141.1693
1785380711.741 55.3321 -141.1693
1785380711.791 55.3321 -141.1693
1785380711.841 55.3321 -141.1693
1785380711.891 55.3321 -141.1693
1785380711.942 55.3321 -141.1693
1785380711.992 55.3321 -141.1693
1785380712.042 55.3321 -141.1693
1785380712.092 55.3321 -141.1693
1785380712.142 55.3321 -141.1693
1785380712.192 55.3321 -141.1693
1785380712.242 55.3321 -141.1693
1785380712.292 55.3321 -141.1693
1785380712.342 55.3321 -141.1693
1785380712.393 55.3321 -141.1693
1785380712.443 55.3321 -141.1693
1785380712.493 55.3321 -141.1693
1785380712.543 55.3321 -141.1693
1785380712.593 55.3321 -141.1693
1785380712.643 55.3321 -141.1693
1785380712.693 55.3321 -141.1693
1785380712.743 55.3321 -141.1693
1785380712.793 55.3321 -141.1693
1785380712.844 55.3321 -141.1693
1785380712.894 55.3321 -141.1693
1785380712.944 55.3321 -141.1693
1785380712.994 55.3321 -141.1693
1785380713.044 55.3321 -141.1693
1785380713.094 55.3321 -141.1693
1785380713.145 55.3321 -141.1693
1785380713.195 55.3321 -141.1693
1785380713.245 55.3321 -141.1693
1785380713.295 55.3321 -141.1693
1785380713.345 55.3321 -141.1693
1785380713.395 55.3321 -141.1693
1785380713.446 55.3321 -141.1693
1785380713.496 55.3321 -141.1693
1785380713.546 55.3321 -141.1693
1785380713.596 55.3321 -141.1693
1785380713.646 55.3321 -141.1693
1785380713.696 55.3321 -141.1693
1785380713.747 55.3321 -141.1693
1785380713.797 55.3321 -141.1693
1785380713.847 55.3321 -141.1693
1785380713.897 55.3321 -141.1693
1785380713.947 55.3321 -141.1693
1785380713.997 55.3321 -141.1693
1785380714.048 55.3321 -141.1693
1785380714.098 55.3321 -141.1693
1785380714.148 55.3321 -141.1693
1785380714.198 55.3321 -141.1693
1785380714.248 55.3321 -141.1693
1785380714.298 55.3321 -141.1693
1785380714.349 55.3321 -141.1693
1785380714.399 55.3321 -141.1693
1785380714.449 55.3321 -141.1693
1785380714.499 55.3321 -141.1693
1785380714.549 55.3321 -141.1693
1785380714.599 55.3321 -141.1693
1785380714.649 55.3321 -141.1693
1785380714.699 55.3321 -141.1693
1785380714.750 55.3321 -141.1693
1785380714.800 55.3321 -141.1693
1785380714.850 55.3321 -141.1693
1785380714.900 55.3321 -141.1693
1785380714.950 55.3321 -141.1693
1785380715.000 55.3321 -141.1693
1785380715.050 55.3321 -141.1693
1785380715.100 55.3321 -141.1693
1785380715.150 55.3321 -141.1693
1785380715.201 55.3321 -141.1693
1785380715.251 55.3321 -141.1693
1785380715.301 55.3321 -141.1693
1785380715.351 55.3321 -141.1693
1785380715.401 55.3321 -141.1693
1785380715.451 55.3321 -141.1693
1785380715.501 55.3321 -141.1693
1785380715.551 55.3321 -141.1693
1785380715.601 55.3321 -141.1693
1785380715.652 55.3321 -141.1693
1785380715.702 55.3321 -141.1693
1785380715.752 55.3321 -141.1693
1785380715.802 55.3321 -141.1693
1785380715.852 55.3321 -141.1693
1785380715.902 55.3321 -141.1693
1785380715.952 55.3321 -141.1693
1785380716.002 55.3321 -141.1693
1785380716.053 55.3321 -141.1693
1785380716.103 55.3321 -141.1693
1785380716.153 55.3321 -141.1693
1785380716.203 55.3321 -141.1693
1785380716.253 55.3321 -141.1693
1785380716.303 55.3321 -141.1693
1785380716.353 55.3321 -141.1693
1785380716.404 55.3321 -141.1693
1785380716.454 55.3321 -141.1693
1785380716.504 55.3321 -141.1693
1785380716.554 55.3321 -141.1693
1785380716.604 55.3321 -141.1693
1785380716.654 55.3321 -141.1693
1785380716.704 55.3321 -141.1693
1785380716.754 55.3321 -141.1693
1785380716.804 55.3321 -141.1693
1785380716.855 55.3321 -141.1693
1785380716.905 55.3321 -141.1693
1785380716.955 55.3321 -141.1693
1785380717.005 55.3321 -141.1693
1785380717.055 55.3321 -141.1693
1785380717.105 55.3321 -141.1693
1785380717.155 55.3321 -141.1693
1785380717.205 55.3321 -141.1693
1785380717.256 55.3321 -141.1693
1785380717.306 55.3321 -141.1693
1785380717.356 55.3321 -141.1693
1785380717.406 55.3321 -141.1693
1785380717.456 55.3321 -141.1693
1785380717.506 55.3321 -141.1693
1785380717.556 55.3321 -141.1693
1785380717.606 55.3321 -141.1693
1785380717.657 55.3321 -141.1693
1785380717.707 55.3321 -141.1693
1785380717.757 55.3321 -141.1693
1785380717.807 55.3321 -141.1693
1785380717.857 55.3321 -141.1693
1785380717.907 55.3321 -141.1693
1785380717.957 55.3321 -141.1693
1785380718.008 55.3321 -141.1693
1785380718.058 55.3321 -141.1693
1785380718.108 55.3321 -141.1693
1785380718.158 55.3321 -141.1693
1785380718.208 55.3321 -141.1693
1785380718.258 55.3321 -141.1693
1785380718.308 55.3321 -141.1693
1785380718.358 55.3321 -141.1693
1785380718.408 55.3321 -141.1693
1785380718.459 55.3321 -141.1693
1785380718.509 55.3321 -141.1693
1785380718.559 55.3321 -141.1693
1785380718.609 55.3321 -141.1693
1785380718.659 55.3321 -141.1693
1785380718.710 55.3321 -141.1693
1785380718.760 55.3321 -141.1693
1785380718.810 55.3321 -141.1693
1785380718.860 55.3321 -141.1693
1785380718.910 55.3321 -141.1693
1785380718.960 55.3321 -141.1693
1785380719.011 55.3321 -141.1693
1785380719.061 55.3321 -141.1693
1785380719.111 55.3321 -141.1693
1785380719.161 55.3321 -141.1693
1785380719.211 55.3321 -141.1693
1785380719.262 55.3321 -141.1693
1785380719.312 55.3321 -141.1693
1785380719.362 55.3321 -141.1693
1785380719.412 55.3321 -141.1693
1785380719.463 55.3321 -141.1693
1785380719.513 55.3321 -141.1693
1785380719.563 55.3321 -141.1693
1785380719.613 55.3321 -141.1693
1785380719.663 55.3321 -141.1693
1785380719.713 55.3321 -141.1693
1785380719.763 55.3321 -141.1693
1785380719.813 55.3321 -141.1693
1785380719.864 55.3321 -141.1693
1785380719.914 55.3321 -141.1693
1785380719.964 55.3321 -141.1693
1785380720.014 55.3321 -141.1693
1785380720.064 55.3321 -141.1693
1785380720.114 55.3321 -141.1693
1785380720.164 55.3321 -141.1693
1785380720.214 55.3321 -141.1693
1785380720.265 55.3321 -141.1693
1785380720.315 55.3321 -141.1693
1785380720.365 55.3321 -141.1693
1785380720.415 55.3321 -141.1693
1785380720.465 55.3321 -141.1693
1785380720.515 55.3321 -141.1693
1785380720.565 55.3321 -141.1693
1785380720.615 55.3321 -141.1693
1785380720.666 55.3321 -141.1693
1785380720.716 55.3321 -141.1693
1785380720.766 55.3321 -141.1693
1785380720.816 55.3321 -141.1693
1785380720.866 55.3321 -141.1693
1785380720.916 55.3321 -141.1693
1785380720.966 55.3321 -141.1693
1785380721.016 55.3321 -141.1693
1785380721.067 55.3321 -141.1693
1785380721.117 55.3321 -141.1693
1785380721.167 55.3321 -141.1693
1785380721.217 55.3321 -141.1693
1785380721.267 55.3321 -141.1693
1785380721.317 55.3321 -141.1693
1785380721.367 55.3321 -141.1693
1785380721.417 55.3321 -141.1693
1785380721.467 55.3321 -141.1693
1785380721.518 55.3321 -141.1693
1785380721.568 55.3321 -141.1693
1785380721.618 55.3321 -141.1693
1785380721.668 55.3321 -141.1693
1785380721.718 55.3321 -141.1693
1785380721.768 55.3321 -141.1693
1785380721.818 55.3321 -141.1693
1785380721.868 55.3321 -141.1693
1785380721.919 55.3321 -141.1693
1785380721.969 55.3321 -141.1693
1785380722.019 55.3321 -141.1693
1785380722.069 55.3321 -141.1693
1785380722.119 55.3321 -141.1693
1785380722.169 55.3321 -141.1693
1785380722.220 55.3321 -141.1693
