1785380702.723 55.5056 -141.2303
1785380702.772 54.8937 -141.1205
1785380702.822 55.2871 -141.2916
1785380702.872 55.0055 -141.2280
1785380702.924 55.2712 -141.2875
1785380702.976 55.1447 -141.2084
1785380703.029 55.6108 -141.3046
1785380703.074 55.1194 -140.9709
1785380703.127 55.4625 -141.2363
1785380703.178 54.7732 -141.0549
1785380703.224 55.3218 -141.2348
1785380703.278 55.0050 -141.2135
1785380703.325 55.6090 -141.1378
1785380703.375 55.0726 -141.0804
1785380703.426 55.7300 -141.1825
1785380703.476 55.0440 -141.0995
1785380703.531 55.6718 -141.2680
1785380703.576 55.0935 -141.0696
1785380703.626 55.4445 -141.2818
1785380703.677 55.0333 -141.1293
1785380703.728 55.6246 -141.2191
1785380703.781 55.0269 -141.0991
1785380703.826 55.3839 -141.2527
1785380703.876 55.0875 -141.2969
1785380703.927 55.5739 -141.2694
1785380703.978 55.0478 -141.2505
1785380704.026 55.4460 -141.2331
1785380704.077 55.2225 -141.1053
1785380704.128 55.5673 -141.1881
1785380704.175 55.1392 -141.2203
1785380704.227 55.6271 -141.3251
1785380704.276 55.0222 -141.0427
1785380704.329 55.4664 -141.2271
1785380704.379 54.9828 -141.3170
1785380704.426 55.4776 -141.2394
1785380704.478 55.0804 -141.2580
1785380704.526 55.3557 -141.2360
1785380704.579 55.0071 -141.0154
1785380704.627 55.6370 -141.2962
1785380704.678 55.0075 -141.1381
1785380704.729 55.5368 -141.2701
1785380704.778 55.1790 -141.2864
1785380704.827 55.5852 -141.2140
1785380704.880 55.0173 -141.2820
1785380704.929 55.4788 -141.2311
1785380704.979 55.1209 -141.2402
1785380705.030 55.5033 -141.1754
1785380705.080 55.0600 -141.3085
1785380705.129 55.6034 -141.1997
1785380705.179 54.9840 -141.1101
1785380705.230 55.4543 -141.2320
1785380705.281 55.0798 -141.2846
1785380705.328 55.3157 -141.2151
1785380705.380 54.9630 -141.0790
1785380705.430 55.4108 -141.2824
1785380705.478 55.0973 -140.9610
1785380705.527 55.5476 -141.2661
1785380705.583 54.9830 -141.0817
1785380705.629 55.3528 -141.2660
1785380705.680 54.9347 -141.0328
1785380705.731 55.3575 -141.2665
1785380705.782 54.9623 -141.2041
1785380705.833 55.4714 -141.2665
1785380705.881 55.1364 -141.1720
1785380705.931 55.3062 -141.2612
1785380705.979 55.1323 -141.3185
1785380706.030 55.5135 -141.2007
1785380706.078 55.1564 -141.2355
1785380706.130 55.3655 -141.2753
1785380706.181 55.3107 -141.2890
1785380706.229 55.3088 -141.2834
1785380706.284 54.9214 -140.9758
1785380706.329 55.3691 -141.3212
1785380706.380 55.0259 -141.0100
1785380706.432 55.5805 -141.2327
1785380706.479 55.0503 -141.0396
1785380706.529 55.5603 -141.2061
1785380706.582 55.0850 -141.3391
1785380706.630 55.5104 -141.2629
1785380706.682 54.9800 -141.1922
1785380706.730 55.5020 -141.2007
1785380706.780 54.9807 -141.2498
1785380706.833 55.3483 -141.2468
1785380706.883 54.9724 -141.0482
1785380706.929 55.3469 -141.2259
1785380706.982 54.9571 -141.1384
1785380707.030 55.3342 -141.2593
1785380707.079 55.1768 -141.1599
1785380707.131 55.3104 -141.3110
1785380707.182 54.9549 -141.0882
1785380707.233 55.4256 -141.2102
1785380707.285 54.9975 -141.0339
1785380707.334 55.5421 -141.2462
1785380707.382 54.9840 -141.1436
1785380707.434 55.4189 -141.2793
1785380707.483 55.0186 -141.1468
1785380707.538 55.4788 -141.2484
1785380707.588 55.0225 -141.1206
1785380707.634 55.2834 -141.3144
1785380707.688 55.0768 -141.2579
1785380707.732 55.5243 -141.2406
1785380707.788 55.0825 -140.9864
1785380707.837 55.5690 -141.2649
1785380707.886 55.0164 -141.0108
1785380707.935 55.3045 -141.2371
1785380707.985 55.1796 -141.2238
1785380708.039 55.3293 -141.2553
1785380708.082 54.9651 -141.0458
1785380708.137 55.5275 -141.2704
1785380708.183 55.0867 -141.0711
1785380708.234 55.3022 -141.2604
1785380708.287 55.0634 -141.0760
1785380708.333 55.3209 -141.1876
1785380708.383 55.2621 -141.1199
1785380708.435 55.4466 -141.2220
1785380708.485 55.1341 -141.2074
1785380708.538 55.6949 -141.1653
1785380708.585 54.9418 -141.0750
1785380708.634 55.4607 -141.3655
1785380708.687 55.0555 -141.3326
1785380708.737 55.6885 -141.3110
1785380708.787 55.0524 -141.2170
1785380708.837 55.4489 -141.2769
1785380708.884 55.1952 -141.1795
1785380708.936 55.6218 -141.2536
1785380708.985 55.0264 -141.0924
1785380709.034 55.3889 -141.2131
1785380709.086 55.0857 -141.1200
1785380709.139 55.4857 -141.2590
1785380709.188 55.0060 -141.0537
1785380709.236 55.4291 -141.2159
1785380709.289 55.0805 -141.0621
1785380709.335 55.4518 -141.1741
1785380709.386 54.9726 -141.0541
1785380709.436 55.4803 -141.2585
1785380709.489 55.0159 -141.1699
1785380709.537 55.6393 -141.2560
1785380709.588 55.0808 -141.2872
1785380709.637 55.4355 -141.2818
1785380709.689 54.8913 -141.4258
1785380709.735 55.3556 -141.2360
1785380709.790 55.0811 -141.1777
1785380709.842 55.6563 -141.1964
1785380709.890 55.0534 -141.2975
1785380709.938 55.5397 -141.1945
1785380709.989 55.1061 -141.0143
1785380710.041 55.5918 -141.1958
1785380710.088 55.0285 -141.1730
1785380710.138 55.4432 -141.2706
1785380710.188 55.0858 -141.3502
1785380710.238 55.5259 -141.2466
1785380710.289 55.0935 -141.1391
1785380710.340 55.7061 -141.2489
1785380710.389 55.0662 -141.1375
1785380710.438 55.6376 -141.1576
1785380710.490 54.7975 -141.0466
1785380710.537 55.4888 -141.2414
1785380710.594 54.9680 -141.1977
1785380710.636 55.4290 -141.1506
1785380710.690 54.9737 -141.0263
1785380710.743 55.6859 -141.1465
1785380710.794 55.0200 -141.1437
1785380710.840 55.4213 -141.2833
1785380710.889 55.2188 -141.2010
1785380710.940 55.3632 -141.2968
1785380710.994 55.0908 -141.0929
1785380711.042 55.4779 -141.3097
1785380711.089 55.1805 -141.2698
1785380711.142 55.3138 -141.2568
1785380711.189 55.0645 -140.9727
1785380711.238 55.4099 -141.2913
1785380711.291 55.0248 -141.0242
1785380711.343 55.6271 -141.2504
1785380711.391 55.0572 -141.0858
1785380711.444 55.6514 -141.2682
1785380711.492 55.1251 -141.2014
1785380711.541 55.3644 -141.2020
1785380711.593 55.0095 -141.0348
1785380711.640 55.3781 -141.2660
1785380711.693 55.2691 -141.2343
1785380711.741 55.5806 -141.1887
1785380711.795 55.0035 -141.0537
1785380711.844 55.5020 -141.2528
1785380711.893 55.1163 -141.2696
1785380711.943 55.5104 -141.1784
1785380711.997 54.9563 -141.0373
1785380712.041 55.3983 -141.2806
1785380712.093 54.9000 -141.0643
1785380712.146 55.6371 -141.2750
1785380712.195 54.9663 -141.0578
1785380712.243 55.3842 -141.2260
1785380712.297 55.0496 -141.1905
1785380712.342 55.6606 -141.1872
1785380712.395 55.2070 -141.2243
1785380712.443 55.3820 -141.3013
1785380712.493 55.2525 -141.1773
1785380712.542 55.3827 -141.2591
1785380712.595 55.0454 -140.9773
1785380712.647 55.6071 -141.2180
1785380712.695 54.9433 -141.4882
1785380712.745 55.5990 -141.1073
1785380712.797 55.0579 -141.2545
1785380712.845 55.5149 -141.2199
1785380712.894 55.0911 -141.2809
1785380712.944 55.3794 -141.2525
1785380712.997 55.2169 -141.3030
1785380713.046 55.6722 -141.2478
1785380713.098 55.1178 -141.1753
1785380713.144 55.3838 -141.3667
1785380713.197 55.0336 -141.0828
1785380713.244 55.3814 -141.2623
1785380713.296 55.0546 -141.2124
1785380713.347 55.6777 -141.1868
1785380713.395 55.0414 -141.1053
1785380713.446 55.6787 -141.2027
1785380713.496 55.0453 -141.0083
1785380713.547 55.6597 -141.2854
1785380713.597 54.9749 -141.0495
1785380713.646 55.4818 -141.3015
1785380713.697 54.9844 -141.2194
1785380713.747 55.5011 -141.2796
1785380713.796 55.1154 -141.2628
1785380713.851 55.6045 -141.2451
1785380713.898 55.2678 -141.1750
1785380713.947 55.5762 -141.2617
1785380713.998 54.9588 -141.0773
1785380714.045 55.3678 -141.2484
1785380714.101 55.1693 -141.2487
1785380714.146 55.4441 -141.2399
1785380714.200 55.0513 -141.1299
1785380714.246 55.4412 -141.2310
1785380714.297 55.1183 -141.2339
1785380714.344 55.3561 -141.2482
1785380714.400 55.0538 -141.2083
1785380714.449 55.6176 -141.2361
1785380714.497 54.9515 -141.2031
1785380714.547 55.1062 -141.2330
1785380714.596 55.0311 -141.2042
1785380714.652 55.6012 -141.2410
1785380714.696 55.1119 -141.1806
1785380714.746 55.5595 -141.2065
1785380714.800 55.0785 -141.2064
1785380714.847 55.5759 -141.1878
1785380714.898 55.1130 -141.1145
1785380714.946 55.3041 -141.2721
1785380715.000 54.9989 -141.0539
1785380715.047 55.3450 -141.2805
1785380715.100 55.0106 -141.0445
1785380715.150 55.2933 -141.3348
1785380715.200 54.9841 -141.2843
1785380715.249 55.5187 -141.2825
1785380715.301 55.0992 -141.0014
1785380715.348 55.3563 -141.3588
1785380715.400 54.9599 -141.0132
1785380715.449 55.1666 -141.2578
1785380715.504 55.0758 -141.0427
1785380715.548 55.3003 -141.2600
1785380715.601 55.0245 -141.0382
1785380715.650 55.4784 -141.2998
1785380715.704 55.0402 -141.1901
1785380715.753 55.5459 -141.2537
1785380715.802 55.0137 -141.0578
1785380715.851 55.2923 -141.2672
1785380715.902 55.0550 -141.0559
1785380715.951 55.4498 -141.3021
1785380716.003 55.0390 -141.1561
1785380716.049 55.3036 -141.2309
1785380716.104 54.9244 -141.2862
1785380716.153 55.3924 -141.2861
1785380716.202 55.1151 -141.2705
1785380716.250 55.2598 -141.3042
1785380716.303 55.1275 -141.2514
1785380716.355 55.5787 -141.2745
1785380716.401 55.2246 -141.1099
1785380716.452 55.3998 -141.2770
1785380716.501 55.0210 -141.1256
1785380716.550 55.3298 -141.2375
1785380716.602 55.2164 -141.0599
1785380716.654 55.4875 -141.0671
1785380716.705 54.8653 -141.3486
1785380716.751 55.2794 -141.2483
1785380716.802 55.1112 -141.0715
1785380716.853 55.5656 -141.2042
1785380716.906 55.1422 -141.0914
1785380716.951 55.2839 -141.2274
1785380717.004 55.1190 -141.3161
1785380717.053 55.3329 -141.2834
1785380717.103 55.0141 -141.1184
1785380717.155 55.5914 -141.2549
1785380717.205 55.0021 -141.2321
1785380717.252 55.3283 -141.2834
1785380717.307 54.9942 -141.1306
1785380717.361 55.7628 -141.2465
1785380717.404 55.1008 -141.2480
1785380717.454 55.5763 -141.1957
1785380717.504 55.0244 -141.1140
1785380717.553 55.4255 -141.2368
1785380717.606 55.0701 -140.9749
1785380717.653 55.3806 -141.2266
1785380717.705 54.9743 -141.2934
1785380717.756 55.3563 -141.2835
1785380717.804 55.1579 -141.1340
1785380717.855 55.4792 -141.3186
1785380717.906 55.1026 -141.2999
1785380717.957 55.5830 -141.2771
1785380718.008 55.0757 -141.2862
1785380718.055 55.2536 -141.2266
1785380718.109 54.9834 -141.3314
1785380718.158 55.4173 -141.2986
1785380718.209 55.1069 -141.0665
1785380718.256 55.3187 -141.2738
1785380718.307 54.9797 -141.0756
1785380718.356 55.2873 -141.2758
1785380718.406 55.1512 -141.2079
1785380718.457 55.3076 -141.2861
1785380718.507 55.0304 -141.0969
1785380718.557 55.2901 -141.2385
1785380718.607 55.1612 -141.1266
1785380718.657 55.2562 -141.3168
1785380718.708 55.0437 -141.3207
1785380718.756 55.2636 -141.2106
1785380718.807 55.0218 -140.9565
1785380718.856 55.2722 -141.2416
1785380718.908 55.1038 -141.0591
1785380718.957 55.4634 -141.2727
1785380719.013 54.9653 -141.0403
1785380719.059 55.4936 -141.2705
1785380719.108 55.0528 -141.1593
1785380719.156 55.3034 -141.2788
1785380719.209 55.0352 -141.2575
1785380719.259 55.5696 -141.1751
1785380719.313 55.0962 -141.1869
1785380719.360 55.4930 -141.1707
1785380719.410 55.1227 -141.2368
1785380719.460 55.2858 -141.2396
1785380719.506 55.2126 -141.1077
1785380719.560 55.4219 -141.2321
1785380719.609 55.0692 -140.9636
1785380719.659 55.2765 -141.2901
1785380719.708 54.9485 -140.9971
1785380719.759 55.2844 -141.2306
1785380719.811 55.1923 -141.3001
1785380719.859 55.5058 -141.2100
1785380719.912 54.9679 -141.0803
1785380719.963 55.4263 -141.2789
1785380720.012 55.0965 -141.1842
1785380720.057 55.3047 -141.2681
1785380720.109 55.1260 -141.0421
1785380720.164 55.6698 -141.1814
1785380720.213 55.0286 -141.1678
1785380720.264 55.6527 -141.2057
1785380720.312 55.2563 -141.0710
1785380720.363 55.6316 -141.1640
1785380720.411 55.0814 -141.0655
1785380720.461 55.5340 -141.2117
1785380720.512 55.0347 -141.2553
1785380720.560 55.2807 -141.2739
1785380720.614 55.0407 -141.1757
1785380720.661 55.5604 -141.2481
1785380720.713 55.1904 -141.1795
1785380720.761 55.3452 -141.2685
1785380720.814 55.0494 -141.2497
1785380720.861 55.5755 -141.2728
1785380720.914 55.0591 -141.2056
1785380720.961 55.3237 -141.2408
1785380721.017 55.0678 -141.0853
1785380721.061 55.3314 -141.3284
1785380721.114 55.0368 -141.0325
1785380721.162 55.5932 -141.2673
1785380721.216 54.9978 -141.0025
1785380721.263 55.5937 -141.1812
1785380721.316 54.9900 -141.0406
1785380721.361 55.3423 -141.2646
1785380721.414 55.1785 -141.1010
1785380721.462 55.5414 -141.2999
1785380721.515 54.9989 -141.0366
1785380721.564 55.4011 -141.2576
1785380721.615 54.8943 -141.0303
1785380721.662 55.3625 -141.2900
1785380721.715 55.1964 -141.1177
1785380721.764 55.3811 -141.2373
1785380721.815 55.0342 -141.1540
1785380721.863 55.3505 -141.2656
1785380721.914 54.9717 -141.0533
1785380721.962 55.5196 -141.2546
1785380722.013 55.1198 -141.0670
1785380722.067 55.3752 -141.3034
1785380722.115 55.0122 -141.2002
1785380722.164 55.3874 -141.3190
1785380722.214 54.9796 -141.1911
1785380722.267 55.6374 -141.0930
1785380722.314 54.9637 -141.1909
1785380722.365 55.2932 -141.2254
1785380722.414 55.0544 -141.1051
1785380722.463 55.3122 -141.2483
1785380722.513 55.1435 -141.2599
1785380722.564 55.5785 -141.2659
1785380722.613 55.0170 -141.0481
1785380722.665 55.5591 -141.2024
