1785383934.451 55.3325 -141.1700
1785383934.502 55.3325 -141.1700
1785383934.552 55.3325 -141.1700
1785383934.602 55.3325 -141.1700
1785383934.652 55.3325 -141.1700
1785383934.702 55.3325 -141.1700
1785383934.753 55.3325 -141.1700
1785383934.803 55.3325 -141.1700
1785383934.853 55.3325 -141.1700
1785383934.903 55.3325 -141.1700
1785383934.953 55.3325 -141.1700
1785383935.003 55.3325 -141.1700
1785383935.053 55.3325 -141.1700
1785383935.103 55.3325 -141.1700
1785383935.154 55.3325 -141.1700
1785383935.204 55.3325 -141.1700
1785383935.254 55.3325 -141.1700
1785383935.304 55.3325 -141.1700
1785383935.354 55.3325 -141.1700
1785383935.404 55.3325 -141.1700
1785383935.454 55.3325 -141.1700
1785383935.504 55.3325 -141.1700
1785383935.554 55.3325 -141.1700
1785383935.605 55.3325 -141.1700
1785383935.655 55.3325 -141.1700
1785383935.705 55.3325 -141.1700
1785383935.755 55.3325 -141.1700
1785383935.805 55.3325 -141.1700
1785383935.855 55.3325 -141.1700
1785383935.905 55.3325 -141.1700
1785383935.955 55.3325 -141.1700
1785383936.005 55.3325 -141.1700
1785383936.056 55.3325 -141.1700
1785383936.106 55.3325 -141.1700
1785383936.156 55.3325 -141.1700
1785383936.206 55.3325 -141.1700
1785383936.256 55.3325 -141.1700
1785383936.306 55.3325 -141.1700
1785383936.356 55.3325 -141.1700
1785383936.406 55.3325 -141.1700
1785383936.456 55.3325 -141.1700
1785383936.507 55.3325 -141.1700
1785383936.557 55.3325 -141.1700
1785383936.607 55.3325 -141.1700
1785383936.657 55.3325 -141.1700
1785383936.707 55.3325 -141.1700
1785383936.757 55.3325 -141.1700
1785383936.807 55.3325 -141.1700
1785383936.857 55.3325 -141.1700
1785383936.907 55.3325 -141.1700
1785383936.958 55.3325 -141.1700
1785383937.008 55.3325 -141.1700
1785383937.058 55.3325 -141.1700
1785383937.108 55.3325 -141.1700
1785383937.158 55.3325 -141.1700
1785383937.208 55.3325 -141.1700
1785383937.258 55.3325 -141.1700
1785383937.308 55.3325 -141.1700
1785383937.358 55.3325 -141.1700
1785383937.409 55.3325 -141.1700
1785383937.459 55.3325 -141.1700
1785383937.509 55.3325 -141.1700
1785383937.559 55.3325 -141.1700
1785383937.609 55.3325 -141.1700
1785383937.659 55.3325 -141.1700
1785383937.709 55.3325 -141.1700
1785383937.759 55.3325 -141.1700
1785383937.809 55.3325 -141.1700
1785383937.860 55.3325 -141.1700
1785383937.910 55.3325 -141.1700
1785383937.960 55.3325 -141.1700
1785383938.010 55.3325 -141.1700
1785383938.060 55.3325 -141.1700
1785383938.110 55.3325 -141.1700
1785383938.160 55.3325 -141.1700
1785383938.210 55.3325 -141.1700
1785383938.260 55.3325 -141.1700
1785383938.311 55.3325 -141.1700
1785383938.361 55.3325 -141.1700
1785383938.411 55.3325 -141.1700
1785383938.461 55.3325 -141.1700
1785383938.511 55.3325 -141.1700
1785383938.561 55.3325 -141.1700
1785383938.611 55.3325 -141.1700
1785383938.661 55.3325 -141.1700
1785383938.712 55.3325 -141.1700
1785383938.762 55.3325 -141.1700
1785383938.812 55.3325 -141.1700
1785383938.862 55.3325 -141.1700
1785383938.912 55.3325 -141.1700
1785383938.962 55.3325 -141.1700
1785383939.012 55.3325 -141.1700
1785383939.062 55.3325 -141.1700
1785383939.113 55.3325 -141.1700
1785383939.163 55.3325 -141.1700
1785383939.213 55.3325 -141.1700
1785383939.263 55.3325 -141.1700
1785383939.313 55.3325 -141.1700
1785383939.363 55.3325 -141.1700
1785383939.413 55.3325 -141.1700
1785383939.464 55.3325 -141.1700
1785383939.514 55.3325 -141.1700
1785383939.564 55.3325 -141.1700
1785383939.614 55.3325 -141.1700
1785383939.664 55.3325 -141.1700
1785383939.714 55.3325 -141.1700
1785383939.764 55.3325 -141.1700
1785383939.814 55.3325 -141.1700
1785383939.864 55.3325 -141.1700
1785383939.915 55.3325 -141.1700
1785383939.965 55.3325 -141.1700
1785383940.015 55.3325 -141.1700
1785383940.065 55.3325 -141.1700
1785383940.115 55.3325 -141.1700
1785383940.165 55.3325 -141.1700
1785383940.216 55.3325 -141.1700
1785383940.266 55.3325 -141.1700
1785383940.316 55.3325 -141.1700
1785383940.366 55.3325 -141.1700
1785383940.416 55.3325 -141.1700
1785383940.466 55.3325 -141.1700
1785383940.516 55.3325 -141.1700
1785383940.567 55.3325 -141.1700
1785383940.617 55.3325 -141.1700
1785383940.667 55.3325 -141.1700
1785383940.717 55.3325 -141.1700
1785383940.767 55.3325 -141.1700
1785383940.817 55.3325 -141.1700
1785383940.867 55.3325 -141.1700
1785383940.917 55.3325 -141.1700
1785383940.967 55.3325 -141.1700
1785383941.018 55.3325 -141.1700
1785383941.068 55.3325 -141.1700
1785383941.118 55.3325 -141.1700
1785383941.168 55.3325 -141.1700
1785383941.218 55.3325 -141.1700
1785383941.269 55.3325 -141.1700
1785383941.319 55.3325 -141.1700
1785383941.369 55.3325 -141.1700
1785383941.419 55.3325 -141.1700
1785383941.470 55.3325 -141.1700
1785383941.520 55.3325 -141.1700
1785383941.570 55.3325 -141.1700
1785383941.620 55.3325 -141.1700
1785383941.670 55.3325 -141.1700
1785383941.720 55.3325 -141.1700
1785383941.770 55.3325 -141.1700
1785383941.820 55.3325 -141.1700
1785383941.870 55.3325 -141.1700
1785383941.921 55.3325 -141.1700
1785383941.971 55.3325 -141.1700
1785383942.021 55.3325 -141.1700
1785383942.071 55.3325 -141.1700
1785383942.121 55.3325 -141.1700
1785383942.171 55.3325 -141.1700
1785383942.221 55.3325 -141.1700
1785383942.271 55.3325 -141.1700
1785383942.321 55.3325 -141.1700
1785383942.372 55.3325 -141.1700
1785383942.422 55.3325 -141.1700
1785383942.472 55.3325 -141.1700
1785383942.522 55.3325 -141.1700
1785383942.573 55.3325 -141.1700
1785383942.623 55.3325 -141.1700
1785383942.673 55.3325 -141.1700
1785383942.723 55.3325 -141.1700
1785383942.773 55.3325 -141.1700
1785383942.823 55.3325 -141.1700
1785383942.873 55.3325 -141.1700
1785383942.923 55.3325 -141.1700
1785383942.974 55.3325 -141.1700
1785383943.024 55.3325 -141.1700
1785383943.074 55.3325 -141.1700
1785383943.124 55.3325 -141.1700
1785383943.174 55.3325 -141.1700
1785383943.224 55.3325 -141.1700
1785383943.274 55.3325 -141.1700
1785383943.324 55.3325 -141.1700
1785383943.374 55.3325 -141.1700
1785383943.425 55.3325 -141.1700
1785383943.475 55.3325 -141.1700
1785383943.525 55.3325 -141.1700
1785383943.575 55.3325 -141.1700
1785383943.625 55.3325 -141.1700
1785383943.675 55.3325 -141.1700
1785383943.725 55.3325 -141.1700
1785383943.775 55.3325 -141.1700
1785383943.825 55.3325 -141.1700
1785383943.876 55.3325 -141.1700
1785383943.926 55.3325 -141.1700
1785383943.976 55.3325 -141.1700
1785383944.026 55.3325 -141.1700
1785383944.076 55.3325 -141.1700
1785383944.126 55.3325 -141.1700
1785383944.176 55.3325 -141.1700
1785383944.226 55.3325 -141.1700
1785383944.276 55.3325 -141.1700
1785383944.327 55.3325 -141.1700
1785383944.377 55.3325 -141.1700
1785383944.427 55.3325 -141.1700
1785383944.477 55.3325 -141.1700
1785383944.527 55.3325 -141.1700
1785383944.577 55.3325 -141.1700
1785383944.627 55.3325 -141.1700
1785383944.677 55.3325 -141.1700
1785383944.727 55.3325 -141.1700
1785383944.778 55.3325 -141.1700
1785383944.828 55.3325 -141.1700
1785383944.878 55.3325 -141.1700
1785383944.928 55.3325 -141.1700
1785383944.978 55.3325 -141.1700
1785383945.028 55.3325 -141.1700
1785383945.078 55.3325 -141.1700
1785383945.128 55.3325 -141.1700
1785383945.178 55.3325 -141.1700
1785383945.229 55.3325 -141.1700
1785383945.279 55.3325 -141.1700
1785383945.329 55.3325 -141.1700
1785383945.379 55.3325 -141.1700
1785383945.430 55.3325 -141.1700
1785383945.480 55.3325 -141.1700
1785383945.530 55.3325 -141.1700
1785383945.580 55.3325 -141.1700
1785383945.630 55.3325 -141.1700
1785383945.680 55.3325 -141.1700
1785383945.730 55.3325 -141.1700
1785383945.781 55.3325 -141.1700
1785383945.831 55.3325 -141.1700
1785383945.881 55.3325 -141.1700
1785383945.931 55.3325 -141.1700
1785383945.981 55.3325 -141.1700
1785383946.031 55.3325 -141.1700
1785383946.081 55.3325 -141.1700
1785383946.131 55.3325 -141.1700
1785383946.181 55.3325 -141.1700
1785383946.232 55.3325 -141.1700
1785383946.282 55.3325 -141.1700
1785383946.332 55.3325 -141.1700
1785383946.382 55.3325 -141.1700
1785383946.432 55.3325 -141.1700
1785383946.482 55.3325 -141.1700
1785383946.532 55.3325 -141.1700
1785383946.582 55.3325 -141.1700
1785383946.632 55.3325 -141.1700
1785383946.683 55.3325 -141.1700
1785383946.733 55.3325 -141.1700
1785383946.783 55.3325 -141.1700
1785383946.833 55.3325 -141.1700
1785383946.883 55.3325 -141.1700
1785383946.933 55.3325 -141.1700
1785383946.984 55.3325 -141.1700
1785383947.034 55.3325 -141.1700
1785383947.084 55.3325 -141.1700
1785383947.134 55.3325 -141.1700
1785383947.184 55.3325 -141.1700
1785383947.234 55.3325 -141.1700
1785383947.284 55.3325 -141.1700
1785383947.334 55.3325 -141.1700
1785383947.384 55.3325 -141.1700
1785383947.435 55.3325 -141.1700
1785383947.485 55.3325 -141.1700
1785383947.535 55.3325 -141.1700
1785383947.585 55.3325 -141.1700
1785383947.635 55.3325 -141.1700
1785383947.685 55.3325 -141.1700
1785383947.736 55.3325 -141.1700
1785383947.786 55.3325 -141.1700
1785383947.837 55.3325 -141.1700
1785383947.887 55.3325 -141.1700
1785383947.937 55.3325 -141.1700
1785383947.987 55.3325 -141.1700
1785383948.037 55.3325 -141.1700
1785383948.087 55.3325 -141.1700
1785383948.137 55.3325 -141.1700
1785383948.187 55.3325 -141.1700
1785383948.237 55.3325 -141.1700
1785383948.288 55.3325 -141.1700
1785383948.338 55.3325 -141.1700
1785383948.388 55.3325 -141.1700
1785383948.438 55.3325 -141.1700
1785383948.488 55.3325 -141.1700
1785383948.538 55.3325 -141.1700
1785383948.588 55.3325 -141.1700
1785383948.638 55.3325 -141.1700
1785383948.688 55.3325 -141.1700
1785383948.739 55.3325 -141.1700
1785383948.789 55.3325 -141.1700
1785383948.839 55.3325 -141.1700
1785383948.889 55.3325 -141.1700
1785383948.939 55.3325 -141.1700
1785383948.989 55.3325 -141.1700
1785383949.039 55.3325 -141.1700
1785383949.089 55.3325 -141.1700
1785383949.139 55.3325 -141.1700
1785383949.189 55.3325 -141.1700
1785383949.240 55.3325 -141.1700
1785383949.290 55.3325 -141.1700
1785383949.340 55.3325 -141.1700
1785383949.390 55.3325 -141.1700
1785383949.440 55.3325 -141.1700
1785383949.490 55.3325 -141.1700
1785383949.540 55.3325 -141.1700
1785383949.590 55.3325 -141.1700
1785383949.641 55.3325 -141.1700
1785383949.691 55.3325 -141.1700
1785383949.741 55.3325 -141.1700
1785383949.791 55.3325 -141.1700
1785383949.841 55.3325 -141.1700
1785383949.891 55.3325 -141.1700
1785383949.941 55.3325 -141.1700
1785383949.991 55.3325 -141.1700
1785383950.042 55.3325 -141.1700
1785383950.092 55.3325 -141.1700
1785383950.142 55.3325 -141.1700
1785383950.192 55.3325 -141.1700
1785383950.242 55.3325 -141.1700
1785383950.292 55.3325 -141.1700
1785383950.342 55.3325 -141.1700
1785383950.392 55.3325 -141.1700
1785383950.442 55.3325 -141.1700
1785383950.493 55.3325 -141.1700
1785383950.543 55.3325 -141.1700
1785383950.593 55.3325 -141.1700
1785383950.643 55.3325 -141.1700
1785383950.693 55.3325 -141.1700
1785383950.743 55.3325 -141.1700
1785383950.793 55.3325 -141.1700
1785383950.844 55.3325 -141.1700
1785383950.894 55.3325 -141.1700
1785383950.944 55.3325 -141.1700
1785383950.994 55.3325 -141.1700
1785383951.044 55.3325 -141.1700
1785383951.094 55.3325 -141.1700
1785383951.144 55.3325 -141.1700
1785383951.195 55.3325 -141.1700
1785383951.245 55.3325 -141.1700
1785383951.295 55.3325 -141.1700
1785383951.345 55.3325 -141.1700
1785383951.395 55.3325 -141.1700
1785383951.445 55.3325 -141.1700
1785383951.495 55.3325 -141.1700
1785383951.545 55.3325 -141.1700
1785383951.596 55.3325 -141.1700
1785383951.646 55.3325 -141.1700
1785383951.696 55.3325 -141.1700
1785383951.746 55.3325 -141.1700
1785383951.796 55.3325 -141.1700
1785383951.846 55.3325 -141.1700
1785383951.896 55.3325 -141.1700
1785383951.946 55.3325 -141.1700
1785383951.996 55.3325 -141.1700
1785383952.047 55.3325 -141.1700
1785383952.097 55.3325 -141.1700
1785383952.147 55.3325 -141.1700
1785383952.197 55.3325 -141.1700
1785383952.247 55.3325 -141.1700
1785383952.297 55.3325 -141.1700
1785383952.347 55.3325 -141.1700
1785383952.397 55.3325 -141.1700
1785383952.448 55.3325 -141.1700
1785383952.498 55.3325 -141.1700
1785383952.548 55.3325 -141.1700
1785383952.598 55.3325 -141.1700
1785383952.648 55.3325 -141.1700
1785383952.698 55.3325 -141.1700
1785383952.748 55.3325 -141.1700
1785383952.798 55.3325 -141.1700
1785383952.849 55.3325 -141.1700
1785383952.899 55.3325 -141.1700
1785383952.949 55.3325 -141.1700
1785383952.999 55.3325 -141.1700
1785383953.049 55.3325 -141.1700
1785383953.099 55.3325 -141.1700
1785383953.150 55.3325 -141.1700
1785383953.200 55.3325 -141.1700
1785383953.250 55.3325 -141.1700
1785383953.300 55.3325 -141.1700
1785383953.350 55.3325 -141.1700
1785383953.400 55.3325 -141.1700
1785383953.450 55.3325 -141.1700
1785383953.500 55.3325 -141.1700
1785383953.551 55.3325 -141.1700
1785383953.601 55.3325 -141.1700
1785383953.651 55.3325 -141.1700
1785383953.701 55.3325 -141.1700
1785383953.751 55.3325 -141.1700
1785383953.801 55.3325 -141.1700
1785383953.851 55.3325 -141.1700
1785383953.901 55.3325 -141.1700
1785383953.951 55.3325 -141.1700
1785383954.002 55.3325 -141.1700
1785383954.052 55.3325 -141.1700
1785383954.102 55.3325 -141.1700
1785383954.152 55.3325 -141.1700
1785383954.202 55.3325 -141.1700
1785383954.252 55.3325 -141.1700
1785383954.302 55.3325 -141.1700
1785383954.352 55.3325 -141.1700
1785383954.402 55.3325 -141.1700
