1785383934.863 55.3779 -141.2243
1785383934.904 55.3355 -141.2116
1785383934.957 55.3336 -141.1991
1785383935.007 55.3555 -141.2126
1785383935.057 55.3370 -141.1867
1785383935.109 55.3787 -141.2297
1785383935.156 55.3711 -141.2145
1785383935.208 55.3914 -141.2295
1785383935.256 55.3234 -141.1993
1785383935.308 55.3308 -141.2212
1785383935.362 55.3354 -141.2168
1785383935.410 55.3701 -141.2309
1785383935.458 55.3317 -141.1762
1785383935.507 55.3566 -141.2363
1785383935.559 55.3231 -141.1951
1785383935.609 55.3858 -141.2167
1785383935.657 55.3349 -141.2142
1785383935.710 55.4060 -141.2095
1785383935.760 55.3387 -141.1898
1785383935.809 55.3552 -141.2129
1785383935.857 55.3527 -141.2232
1785383935.909 55.3647 -141.2287
1785383935.960 55.3339 -141.2188
1785383936.007 55.3689 -141.2319
1785383936.061 55.3394 -141.2160
1785383936.109 55.3631 -141.2078
1785383936.159 55.3363 -141.2075
1785383936.209 55.3656 -141.2021
1785383936.262 55.3421 -141.2045
1785383936.310 55.3601 -141.2101
1785383936.359 55.3318 -141.1853
1785383936.408 55.3764 -141.1967
1785383936.459 55.3486 -141.2066
1785383936.510 55.3397 -141.2131
1785383936.559 55.3437 -141.2081
1785383936.612 55.3491 -141.2230
1785383936.661 55.3216 -141.1969
1785383936.709 55.3585 -141.2020
1785383936.761 55.3406 -141.1959
1785383936.810 55.3680 -141.2175
1785383936.860 55.3518 -141.2025
1785383936.910 55.4072 -141.1999
1785383936.963 55.3500 -141.2050
1785383937.012 55.3720 -141.2072
1785383937.061 55.3573 -141.2103
1785383937.112 55.3570 -141.2226
1785383937.160 55.3335 -141.1959
1785383937.210 55.3786 -141.2065
1785383937.261 55.3239 -141.1949
1785383937.312 55.3642 -141.2253
1785383937.361 55.3360 -141.2001
1785383937.410 55.3726 -141.2230
1785383937.465 55.3485 -141.2142
1785383937.513 55.3636 -141.2105
1785383937.561 55.3616 -141.2105
1785383937.611 55.3507 -141.2032
1785383937.663 55.3372 -141.2064
1785383937.713 55.3459 -141.2279
1785383937.763 55.3477 -141.1973
1785383937.813 55.3628 -141.2175
1785383937.863 55.3434 -141.2019
1785383937.913 55.3548 -141.2184
1785383937.963 55.3338 -141.2118
1785383938.015 55.3484 -141.2074
1785383938.063 55.3665 -141.2190
1785383938.113 55.3556 -141.2070
1785383938.163 55.3429 -141.1906
1785383938.213 55.3779 -141.2137
1785383938.263 55.3527 -141.1969
1785383938.315 55.3566 -141.2170
1785383938.365 55.3228 -141.2016
1785383938.413 55.3539 -141.2074
1785383938.463 55.3549 -141.2047
1785383938.514 55.3268 -141.2122
1785383938.565 55.3376 -141.1892
1785383938.617 55.3410 -141.2187
1785383938.665 55.3516 -141.2022
1785383938.718 55.3611 -141.2122
1785383938.764 55.3332 -141.1990
1785383938.815 55.3595 -141.2254
1785383938.864 55.3350 -141.2098
1785383938.918 55.3574 -141.2112
1785383938.968 55.3401 -141.2086
1785383939.015 55.3436 -141.2187
1785383939.067 55.3300 -141.2001
1785383939.117 55.3569 -141.2045
1785383939.166 55.3499 -141.2052
1785383939.218 55.3681 -141.2484
1785383939.267 55.3441 -141.2251
1785383939.316 55.3658 -141.2088
1785383939.367 55.3460 -141.2000
1785383939.418 55.3661 -141.2280
1785383939.468 55.3308 -141.1986
1785383939.517 55.3487 -141.2026
1785383939.567 55.3389 -141.1972
1785383939.615 55.3359 -141.2326
1785383939.666 55.3366 -141.1919
1785383939.718 55.3643 -141.1931
1785383939.769 55.3442 -141.1953
1785383939.818 55.3911 -141.2142
1785383939.868 55.3390 -141.2084
1785383939.918 55.3799 -141.2255
1785383939.969 55.3420 -141.2110
1785383940.019 55.3608 -141.2115
1785383940.067 55.3432 -141.2036
1785383940.119 55.3642 -141.2202
1785383940.168 55.3365 -141.2024
1785383940.217 55.3836 -141.2048
1785383940.268 55.3409 -141.2090
1785383940.319 55.3618 -141.2081
1785383940.370 55.3340 -141.1911
1785383940.421 55.3746 -141.2148
1785383940.468 55.3634 -141.2311
1785383940.519 55.3592 -141.2264
1785383940.572 55.3384 -141.1911
1785383940.620 55.3904 -141.2120
1785383940.671 55.3146 -141.1994
1785383940.721 55.3780 -141.2152
1785383940.771 55.3291 -141.2067
1785383940.820 55.3599 -141.2315
1785383940.872 55.3252 -141.1963
1785383940.920 55.3614 -141.2333
1785383940.972 55.3526 -141.2078
1785383941.020 55.4123 -141.2103
1785383941.072 55.3350 -141.2139
1785383941.123 55.3749 -141.2084
1785383941.172 55.3712 -141.2155
1785383941.221 55.3645 -141.2183
1785383941.272 55.3322 -141.1915
1785383941.321 55.3449 -141.2204
1785383941.372 55.3640 -141.2180
1785383941.420 55.3708 -141.2344
1785383941.472 55.3372 -141.2027
1785383941.520 55.3721 -141.2248
1785383941.572 55.3608 -141.1935
1785383941.621 55.3658 -141.2144
1785383941.671 55.3591 -141.1923
1785383941.721 55.3685 -141.2166
1785383941.772 55.3322 -141.2072
1785383941.823 55.3688 -141.2135
1785383941.871 55.3377 -141.2050
1785383941.921 55.3931 -141.2001
1785383941.975 55.3266 -141.1856
1785383942.023 55.3723 -141.2128
1785383942.073 55.3436 -141.1930
1785383942.123 55.3681 -141.2230
1785383942.175 55.3538 -141.1927
1785383942.227 55.3823 -141.2195
1785383942.273 55.3487 -141.2136
1785383942.324 55.3811 -141.2130
1785383942.373 55.3248 -141.2048
1785383942.423 55.3637 -141.2102
1785383942.476 55.3579 -141.2008
1785383942.523 55.3634 -141.2145
1785383942.573 55.3530 -141.2076
1785383942.625 55.3982 -141.2070
1785383942.676 55.3406 -141.2071
1785383942.723 55.3780 -141.2111
1785383942.776 55.3214 -141.2025
1785383942.824 55.3415 -141.2193
1785383942.875 55.3453 -141.1978
1785383942.924 55.3782 -141.2143
1785383942.977 55.3366 -141.1829
1785383943.027 55.3738 -141.2229
1785383943.075 55.3353 -141.2076
1785383943.124 55.3993 -141.2183
1785383943.173 55.3271 -141.1796
1785383943.226 55.3932 -141.2201
1785383943.277 55.3485 -141.2047
1785383943.326 55.3488 -141.2275
1785383943.376 55.3214 -141.2137
1785383943.427 55.3552 -141.2310
1785383943.477 55.3187 -141.2020
1785383943.527 55.3838 -141.2108
1785383943.577 55.3399 -141.2102
1785383943.629 55.3626 -141.2185
1785383943.675 55.3414 -141.2192
1785383943.724 55.3806 -141.1827
1785383943.778 55.3563 -141.2247
1785383943.827 55.3535 -141.2064
1785383943.876 55.3363 -141.2035
1785383943.927 55.3754 -141.2085
1785383943.979 55.3356 -141.2137
1785383944.027 55.3403 -141.2216
1785383944.078 55.3292 -141.1924
1785383944.129 55.3791 -141.2134
1785383944.179 55.3391 -141.2062
1785383944.229 55.3822 -141.2069
1785383944.279 55.3338 -141.2132
1785383944.326 55.3922 -141.2038
1785383944.378 55.3277 -141.1997
1785383944.427 55.3777 -141.1900
1785383944.479 55.3367 -141.1874
1785383944.528 55.3804 -141.2211
1785383944.578 55.3402 -141.1886
1785383944.628 55.3346 -141.2193
1785383944.679 55.3326 -141.2169
1785383944.729 55.3723 -141.2051
1785383944.779 55.3503 -141.1929
1785383944.828 55.3588 -141.2275
1785383944.880 55.3509 -141.2322
1785383944.929 55.3926 -141.2159
1785383944.979 55.3355 -141.2052
1785383945.031 55.3803 -141.2086
1785383945.080 55.3323 -141.1982
1785383945.130 55.3319 -141.2049
1785383945.179 55.3445 -141.1977
1785383945.229 55.3508 -141.2207
1785383945.282 55.3260 -141.2037
1785383945.331 55.3503 -141.2188
1785383945.381 55.3490 -141.2092
1785383945.430 55.4014 -141.1987
1785383945.484 55.3466 -141.2031
1785383945.529 55.3610 -141.2095
1785383945.580 55.3621 -141.2097
1785383945.630 55.3472 -141.2147
1785383945.680 55.3367 -141.1931
1785383945.733 55.3546 -141.2084
1785383945.783 55.3485 -141.1964
1785383945.831 55.3359 -141.2328
1785383945.880 55.3363 -141.2009
1785383945.930 55.3699 -141.2049
1785383945.981 55.3246 -141.2013
1785383946.034 55.3622 -141.2246
1785383946.083 55.3344 -141.1996
1785383946.131 55.3490 -141.2301
1785383946.184 55.3462 -141.1994
1785383946.234 55.3635 -141.2217
1785383946.283 55.3538 -141.1989
1785383946.331 55.3629 -141.2361
1785383946.384 55.3304 -141.1961
1785383946.434 55.3458 -141.2338
1785383946.483 55.3211 -141.2039
1785383946.532 55.3721 -141.2254
1785383946.582 55.3236 -141.1918
1785383946.632 55.3619 -141.2075
1785383946.683 55.3355 -141.1852
1785383946.732 55.3796 -141.2097
1785383946.784 55.3302 -141.1959
1785383946.833 55.3987 -141.2162
1785383946.884 55.3356 -141.1911
1785383946.932 55.3429 -141.2187
1785383946.984 55.3364 -141.1940
1785383947.035 55.3861 -141.2141
1785383947.086 55.3446 -141.2114
1785383947.133 55.3580 -141.2230
1785383947.185 55.3204 -141.2034
1785383947.235 55.3557 -141.2339
1785383947.285 55.3594 -141.2043
1785383947.335 55.3807 -141.2025
1785383947.387 55.3526 -141.2001
1785383947.437 55.3673 -141.2289
1785383947.486 55.3432 -141.1907
1785383947.533 55.3853 -141.1998
1785383947.586 55.3286 -141.1770
1785383947.635 55.3871 -141.2042
1785383947.684 55.3335 -141.1936
1785383947.737 55.3629 -141.2141
1785383947.787 55.3288 -141.1989
1785383947.838 55.3299 -141.2112
1785383947.887 55.3527 -141.2173
1785383947.936 55.3506 -141.2141
1785383947.987 55.3363 -141.1904
1785383948.036 55.3493 -141.2182
1785383948.087 55.3345 -141.1881
1785383948.137 55.3476 -141.2170
1785383948.187 55.3512 -141.2023
1785383948.236 55.3854 -141.2089
1785383948.290 55.3337 -141.2150
1785383948.338 55.3459 -141.1982
1785383948.387 55.3645 -141.2101
1785383948.438 55.3413 -141.2113
1785383948.490 55.3461 -141.1949
1785383948.539 55.3490 -141.2146
1785383948.591 55.3391 -141.1997
1785383948.638 55.3433 -141.2226
1785383948.690 55.3304 -141.1866
1785383948.737 55.3780 -141.2092
1785383948.789 55.3224 -141.1929
1785383948.837 55.3546 -141.2032
1785383948.889 55.3310 -141.2052
1785383948.938 55.3657 -141.2226
1785383948.989 55.3371 -141.2049
1785383949.039 55.3569 -141.1957
1785383949.090 55.3506 -141.2232
1785383949.140 55.3410 -141.2104
1785383949.188 55.3610 -141.1979
1785383949.240 55.3662 -141.2217
1785383949.289 55.3398 -141.2076
1785383949.339 55.3759 -141.2122
1785383949.389 55.3591 -141.1966
1785383949.441 55.3666 -141.1919
1785383949.490 55.3347 -141.2010
1785383949.540 55.3786 -141.2266
1785383949.591 55.3448 -141.2023
1785383949.639 55.3709 -141.2083
1785383949.689 55.3638 -141.1993
1785383949.742 55.3688 -141.2232
1785383949.790 55.3381 -141.1927
1785383949.841 55.3652 -141.2150
1785383949.892 55.3447 -141.2126
1785383949.942 55.3541 -141.1870
1785383949.990 55.3341 -141.1798
1785383950.044 55.3448 -141.2173
1785383950.092 55.3550 -141.1953
1785383950.143 55.3510 -141.2095
1785383950.192 55.3361 -141.2014
1785383950.244 55.3834 -141.2138
1785383950.291 55.3460 -141.2172
1785383950.342 55.3032 -141.2267
1785383950.393 55.3317 -141.2024
1785383950.444 55.3824 -141.2254
1785383950.494 55.3386 -141.1885
1785383950.542 55.3584 -141.2179
1785383950.594 55.3528 -141.1887
1785383950.641 55.3544 -141.2193
1785383950.693 55.3428 -141.1866
1785383950.742 55.3814 -141.2180
1785383950.793 55.3367 -141.2087
1785383950.842 55.3641 -141.2300
1785383950.895 55.3629 -141.1985
1785383950.942 55.3531 -141.2079
1785383950.993 55.3579 -141.2148
1785383951.044 55.3545 -141.2162
1785383951.094 55.3263 -141.2115
1785383951.143 55.3766 -141.2007
1785383951.195 55.3399 -141.2027
1785383951.243 55.3456 -141.2075
1785383951.296 55.3317 -141.2010
1785383951.344 55.3793 -141.2047
1785383951.396 55.3609 -141.2014
1785383951.444 55.3517 -141.2080
1785383951.494 55.3711 -141.2131
1785383951.545 55.3742 -141.2008
1785383951.597 55.3336 -141.1971
1785383951.646 55.3852 -141.2031
1785383951.695 55.3352 -141.1810
1785383951.744 55.3714 -141.1959
1785383951.795 55.3559 -141.1958
1785383951.846 55.3748 -141.2196
1785383951.894 55.3493 -141.2091
1785383951.944 55.3759 -141.2397
1785383951.996 55.3424 -141.2157
1785383952.049 55.3702 -141.2021
1785383952.095 55.3458 -141.2029
1785383952.147 55.4017 -141.2152
1785383952.198 55.3336 -141.2182
1785383952.248 55.3615 -141.1997
1785383952.295 55.3512 -141.1959
1785383952.345 55.3544 -141.2353
1785383952.396 55.3400 -141.2082
1785383952.445 55.3553 -141.2069
1785383952.497 55.3427 -141.2057
1785383952.547 55.3745 -141.2115
1785383952.595 55.3423 -141.1974
1785383952.646 55.3609 -141.2305
1785383952.696 55.3561 -141.1963
1785383952.747 55.3556 -141.2170
1785383952.799 55.3588 -141.1887
1785383952.845 55.3867 -141.2374
1785383952.899 55.3442 -141.2203
1785383952.948 55.3501 -141.2189
1785383952.997 55.3366 -141.1924
1785383953.047 55.3664 -141.2168
1785383953.100 55.3390 -141.1932
1785383953.147 55.3990 -141.2159
1785383953.198 55.3374 -141.2046
1785383953.249 55.3800 -141.2090
1785383953.298 55.3352 -141.1932
1785383953.350 55.3343 -141.2066
1785383953.400 55.3168 -141.1841
1785383953.449 55.3864 -141.2055
1785383953.501 55.3551 -141.2045
1785383953.549 55.3516 -141.2162
1785383953.600 55.3289 -141.1921
1785383953.650 55.4035 -141.2125
1785383953.700 55.3496 -141.1939
1785383953.748 55.3908 -141.1994
1785383953.798 55.3506 -141.2045
1785383953.851 55.3795 -141.1897
1785383953.899 55.3431 -141.1945
1785383953.949 55.3336 -141.2190
1785383954.003 55.3361 -141.2093
1785383954.052 55.3740 -141.2220
1785383954.100 55.3420 -141.1869
1785383954.152 55.3553 -141.2129
1785383954.200 55.3289 -141.1926
1785383954.251 55.3530 -141.2226
1785383954.299 55.3401 -141.2249
1785383954.353 55.3395 -141.2175
1785383954.402 55.3316 -141.1919
1785383954.453 55.3666 -141.2162
1785383954.500 55.3409 -141.1860
1785383954.549 55.3805 -141.2085
1785383954.602 55.3394 -141.1882
1785383954.651 55.3583 -141.2259
1785383954.701 55.3309 -141.1910
1785383954.754 55.3503 -141.2191
1785383954.801 55.3369 -141.2037
1785383954.851 55.3672 -141.2176
