208.5233
208.5046
208.4852
208.4652
208.4444
208.4228
208.4004
208.3772
208.3532
208.3284
208.3025
208.2754
208.2468
208.2168
208.1853
208.1522
208.1176
208.0810
208.0425
208.0017
207.9588
207.9134
207.8657
207.8157
207.7630
207.7075
207.6494
207.5888
207.5255
207.4593
207.3903
207.3183
207.2434
207.1659
207.0859
207.0030
206.9170
206.8282
206.7359
206.6402
206.5417
206.4408
206.3370
206.2306
206.1212
206.0088
205.8932
205.7747
205.6535
205.5296
205.4029
205.2733
205.1410
205.0058
204.8678
204.7265
204.5823
204.4352
204.2851
204.1319
203.9757
203.8166
203.6539
203.4877
203.3181
203.1451
202.9690
202.7896
202.6066
202.4199
202.2294
202.0357
201.8387
201.6385
201.4350
201.2277
201.0170
200.8032
200.5868
200.3673
200.1448
199.9191
199.6911
199.4607
199.2277
198.9921
198.7544
198.5143
198.2718
198.0267
197.7790
197.5275
197.2753
197.0223
196.7664
196.5080
196.2474
195.9846
195.7174
195.4507
195.1834
194.9132
194.6410
194.3667
194.0902
193.8111
193.5292
193.2449
192.9583
192.6701
192.3797
192.0870
191.7917
191.4934
191.1923
190.8883
190.5817
190.2720
189.9594
189.6440
189.3255
189.0038
188.6795
188.3525
188.0229
187.6905
187.3556
187.0184
186.6789
186.3380
185.9954
185.6508
185.3046
184.9567
184.6073
184.2565
183.9043
183.5508
183.1958
182.8396
182.4821
182.1232
181.7631
181.4017
181.0389
180.6747
180.3091
179.9422
179.5742
179.2050
178.8345
178.4626
178.0897
177.7160
177.3413
176.9657
176.5906
176.2145
175.8377
175.4599
175.0814
174.7036
174.3249
173.9452
173.5644
173.1826
172.7996
172.4157
172.0309
171.6454
171.2588
170.8712
170.4828
170.0932
169.7026
169.3113
168.9193
168.5266
168.1329
167.7381
167.3426
166.9468
166.5506
166.1539
165.7565
165.3586
164.9605
164.5628
164.1652
163.7677
163.3701
162.9722
162.5744
162.1766
161.7789
161.3814
160.9839
160.5861
160.1878
159.7890
159.3897
158.9904
158.5907
158.1903
157.7891
157.3872
156.9841
156.5800
156.1749
155.7689
155.3619
154.9539
154.5453
154.1363
153.7266
153.3162
152.9051
152.4932
152.0807
151.6678
151.2543
150.8402
150.4256
150.0107
149.5954
149.1798
148.7635
148.3467
147.9317
147.5192
147.1122
146.7019
146.2886
145.8741
145.4604
145.0550
144.6455
144.2304
143.8174
143.4054
142.9932
142.5803
142.1671
141.7537
141.3404
140.9270
140.5137
140.1005
139.6878
139.2753
138.8632
138.4514
138.0399
137.6292
137.2193
136.8100
136.4012
135.9929
135.5854
135.1789
134.7730
134.3676
133.9627
133.5586
133.1551
132.7520
132.3495
131.9475
131.5460
131.1450
130.9446
130.3442
129.9443
129.5448
129.1456
128.7467
128.3479
127.9492
127.5505
127.1521
126.7536
126.3549
125.9558
125.5563
125.1565
124.7564
124.3558
123.9546
123.5529
123.1508
122.7483
122.3452
121.9417
121.5376
121.1331
120.7283
120.3231
119.9176
119.5116
119.1056
118.6995
118.2933
117.8871
117.4811
117.0755
116.6704
116.2658
115.8616
115.4582
115.0559
114.6545
114.2532
113.8533
113.4546
113.0567
112.6595
112.2623
111.8667
111.4726
111.0780
110.6838
110.2901
109.8964
109.5045
109.1125
108.7198
108.3269
107.9340
107.5411
107.1482
106.7546
106.3612
105.9682
105.5752
105.1823
104.7894
104.3962
104.0034
103.6093
103.2146
102.8200
102.4255
102.0306
101.6339
101.2367
100.8393
100.4436
100.0487
99.6533
99.2570
98.8619
98.4661
98.0710
97.6767
97.2826
96.8897
96.4970
96.1049
95.7129
95.3210
94.9294
94.5382
94.1475
93.7573
93.3676
92.9785
92.5898
92.2017
91.8140
91.4269
91.0406
90.6566
90.2732
89.8903
89.5080
89.1263
88.7451
88.3645
87.9845
87.6050
87.2259
86.8473
86.4694
86.0919
85.7150
85.3384
84.9622
84.5863
84.2105
83.8350
83.4598
83.0849
82.7102
82.3356
81.9611
81.5865
81.2121
80.8378
80.4639
80.0902
79.7166
79.3432
78.9705
78.5983
78.2267
77.8553
77.4843
77.1142
76.7442
76.3740
76.0040
75.6343
75.2646
74.8949
74.5249
74.1550
73.7858
73.4172
73.0489
72.6808
72.3130
71.9456
71.5787
71.2123
70.8461
70.4800
70.1142
69.7485
69.3828
69.0173
68.6519
68.2865
67.9212
67.5560
67.1910
66.8263
66.4625
66.0996
65.7372
65.3753
65.0143
64.6544
64.2955
63.9375
63.5805
63.2247
62.8699
62.5161
62.1632
61.8113
61.4605
61.1105
60.7612
60.4126
60.0647
59.7176
59.3710
59.0251
58.6796
58.3345
57.9898
57.6454
57.3011
56.9571
56.6132
56.2694
55.9257
55.5819
55.2378
54.8936
54.5492
54.2048
53.8601
53.5152
53.1699
52.8243
52.4785
52.1327
51.7869
51.4413
51.0955
50.7494
50.4032
50.0567
49.7100
49.3630
49.0155
48.6674
48.3187
47.9693
47.6192
47.2687
46.9179
46.5663
46.2138
45.8607
45.5068
45.1521
44.7963
44.4393
44.0812
43.7224
43.3626
43.0012
42.6383
42.2741
41.9083
41.5410
41.1726
40.8025
40.4304
40.0569
39.6821
39.3059
38.9276
38.5477
38.1664
37.7842
37.4010
37.0165
36.6311
36.2453
35.8588
35.6652
35.0828
34.6939
34.3046
33.9148
33.5245
33.1334
32.7415
32.3493
31.9565
31.5636
31.1708
30.7784
30.3846
29.9907
29.5963
29.1998
28.8038
28.4093
28.0167
27.6214
27.2261
26.8303
26.4340
26.0369
25.6390
25.2403
24.8411
24.4414
24.0411
23.6397
23.2372
22.8337
22.4292
22.0238
21.6174
21.2101
20.8016
20.3916
19.9806
19.5683
19.1550
18.7404
18.3247
17.9080
17.4904
17.0715
16.6514
16.2299
15.8071
15.3830
14.9577
14.5312
14.1032
13.6743
13.2444
12.8138
12.3827
11.9512
11.5194
11.0878
10.6567
10.2257
9.7949
9.5795
8.9338
8.7188
8.2894
7.6466
7.4324
7.0042
6.5762
5.9357
5.7236
5.3022
4.8844
4.4709
4.0626
3.6604
3.2649
2.8768
2.4972
2.1266
1.7662
1.4171
1.0810
0.7608
0.4655
0.2441
0.2893
0.5127
0.7555
0.9907
1.2125
1.4191
1.6096
1.7835
1.9404
2.0807
2.2053
2.3155
2.4121
2.4965
2.5697
2.6333
2.6889
2.7380
2.7822
2.8229
2.8614
2.8993
2.9371
2.9750
3.0129
3.0511
3.0897
3.1288
3.1688
3.2097
3.2516
3.2948
3.3392
3.3847
3.4314
3.4792
3.5279
3.5772
3.6271
3.6774
3.7278
3.7781
3.8282
3.8759
3.9200
3.9599
3.9949
4.0245
4.0485
4.0666
4.0789
4.0838
4.0838
4.0838
4.0838
4.0838
4.0838
4.0838
4.0838
4.0838
4.0838
4.0838
4.0838
4.0838
4.0838
4.0838
4.0838
4.0838
4.0838
4.0838
4.0838
4.0838
4.0838
4.0838
4.0838
4.0838
4.0838
4.0838
4.0838
4.0838
4.0838
4.0838
4.0838
4.0838
4.0838
4.0838
4.0838
4.0838
4.0838
4.0838
4.0838
4.0838
4.0838
4.0838
4.0838
4.0838
4.0838
4.0838
4.0838
4.0838
4.0838
4.0838
4.0838
4.0838
4.0838
4.0838
4.0838
4.0838
4.0838
4.0838
4.0838
4.0838
4.0838
4.0838
4.0838
4.0838
4.0838
4.0838
4.0838
4.0838
4.0838
4.0838
4.0838
4.0838
4.0838
4.0838
4.0838
4.0838
4.0838
4.0838
4.0838
4.0838
4.0838
4.0838
4.0838
4.0838
4.0838
4.0838
4.0838
4.0838
4.0838
4.0838
4.0838
4.0838
4.0838
4.0838
4.0838
4.0838
4.0838
4.0838
4.0838
4.0838
4.0838
4.0838
4.0838
4.0838
4.0838
4.0838
4.0838
4.0838
4.0838
4.0838
4.0838
4.0838
4.0838
4.0838
4.0838
4.0838
4.0838
4.0838
4.0838
4.0838
4.0838
4.0838
4.0838
4.0838
4.0838
4.0838
4.0838
4.0838
4.0838
4.0838
4.0838
4.0838
4.0838
4.0838
4.0838
4.0838
4.0838
4.0838
4.0838
4.0838
4.0838
4.0838
4.0838
4.0838
4.0838
4.0838
4.0838
4.0838
4.0838
4.0838
4.0838
4.0838
4.0838
4.0838
4.0838
4.0838
4.0838
4.0838
4.0838
4.0838
4.0838
4.0838
4.0838
4.0838
4.0838
4.0838
4.0838
4.0838
4.0838
4.0838
4.0838
4.0838
4.0838
4.0838
4.0838
4.0838
4.0838
4.0838
4.0838
4.0838
4.0838
4.0838
4.0838
4.0838
4.0838
4.0838
4.0838
4.0838
4.0838
4.0838
4.0838
4.0838
4.0838
4.0838
4.0838
4.0838
4.0838
4.0838
4.0838
4.0838
4.0838
4.0838
4.0838
4.0838
4.0838
4.0838
4.0838
4.0838
4.0838
4.0838
4.0838
4.0838
4.0838
4.0838
4.0838
4.0838
4.0838
4.0838
4.0838
4.0838
4.0838
4.0838
4.0838
4.0838
4.0838
4.0838
4.0838
4.0838
4.0838
4.0838
4.0838
4.0838
4.0838
4.0838
4.0838
4.0838
4.0838
4.0838
4.0838
4.0838
4.0838
4.0838
4.0838
4.0838
4.0838
4.0838
4.0838
4.0838
4.0838
4.0838
4.0838
4.0838
4.0838
4.0838
4.0838
4.0838
4.0838
4.0838
4.0838
4.0838
4.0838
4.0838
4.0838
4.0838
4.0838
4.0838
4.0838
4.0838
4.0838
4.0838
4.0838
4.0838
4.0838
4.0838
4.0838
4.0838
4.0838
4.0838
4.0838
4.0838
4.0838
4.0838
4.0838
4.0838
4.0838
4.0838
4.0838
4.0838
4.0838
4.0838
4.0838
4.0838
4.0838
4.0838
4.0838
4.0838
4.0838
4.0838
4.0838
4.0838
4.0838
4.0838
4.0838
4.0838
4.0838
4.0838
4.0838
4.0838
4.0838
4.0838
4.0838
4.0838
4.0838
4.0838
4.0838
4.0838
4.0838
4.0838
4.0838
4.0838
4.0838
4.0838
4.0838
4.0838
4.0838
4.0838
4.0838
4.0838
4.0838
4.0838
4.0838
4.0838
4.0838
4.0838
4.0838
4.0838
4.0838
4.0838
4.0838
4.0838
4.0838
4.0838
4.0838
4.0838
4.0838
4.0838
4.0838
4.0838
4.0838
4.0838
4.0838
4.0838
4.0838
4.0838
4.0838
4.0838
4.0838
4.0838
4.0838
4.0838
4.0838
4.0838
4.0838
4.0838
4.0838
4.0838
4.0838
4.0838
4.0838
4.0838
4.0838
4.0838
4.0838
4.0838
4.0838
4.0838
4.0838
4.0838
4.0838
4.0838
4.0838
4.0838
4.0838
4.0838
4.0838
4.0838
4.0838
4.0838
4.0838
4.0838
4.0838
4.0838
4.0838
4.0838
4.0838
4.0838
4.0838
4.0838
4.0838
4.0838
4.0838
4.0838
4.0838
4.0838
4.0838
4.0838
4.0838
4.0838
4.0838
4.0838
4.0838
4.0838
4.0838
4.0838
4.0838
4.0838
4.0838
4.0838
4.0838
4.0838
4.0838
4.0838
4.0838
4.0838
4.0838
4.0838
4.0838
4.0838
4.0838
4.0838
4.0838
4.0838
4.0838
4.0838
4.0838
4.0838
4.0838
4.0838
4.0838
4.0838
4.0838
4.0838
4.0838
4.0838
4.0838
4.0838
4.0838
4.0838
4.0838
4.0838
4.0838
4.0838
4.0838
4.0838
4.0838
4.0838
4.0838
4.0838
4.0838
4.0838
4.0838
4.0838
4.0838
4.0838
4.0838
4.0838
4.0838
4.0838
4.0838
4.0838
4.0838
4.0838
4.0838
4.0838
4.0838
4.0838
4.0838
4.0838
4.0838
4.0838
4.0838
4.0838
4.0838
4.0838
4.0838
4.0838
4.0838
4.0838
4.0838
4.0838
4.0838
4.0838
4.0838
4.0838
4.0838
4.0838
4.0838
4.0838
4.0838
4.0838
4.0838
4.0838
4.0838
4.0838
4.0838
4.0838
4.0838
4.0838
4.0838
4.0838
4.0838
4.0838
4.0838
4.0838
4.0838
4.0838
4.0838
4.0838
4.0838
4.0838
4.0838
4.0838
4.0838
4.0838
4.0838
4.0838
4.0838
4.0838
4.0838
4.0838
4.0838
4.0838
4.0838
4.0838
