topic,header_stamp_ns,x_m,y_m
/localization/kinematic_state,29741385603,53.8993,-141.1364
/localization/kinematic_state,29791385604,53.8990,-141.1362
/localization/kinematic_state,29841385605,53.8987,-141.1360
/localization/kinematic_state,29891385606,53.8984,-141.1360
/localization/kinematic_state,29941385606,53.8982,-141.1360
/localization/kinematic_state,29991385607,53.8979,-141.1360
/localization/kinematic_state,30041385608,53.8977,-141.1360
/localization/kinematic_state,30091385609,53.8974,-141.1360
/localization/kinematic_state,30141385609,53.8972,-141.1360
/localization/kinematic_state,30191385610,53.8969,-141.1360
/localization/kinematic_state,30241385611,53.8967,-141.1360
/localization/kinematic_state,30291385611,53.8965,-141.1360
/localization/kinematic_state,30341385612,53.8962,-141.1360
/localization/kinematic_state,30391385613,53.8960,-141.1360
/localization/kinematic_state,30441385614,53.8957,-141.1360
/localization/kinematic_state,30491385614,53.8955,-141.1360
/localization/kinematic_state,30541385615,53.8952,-141.1360
/localization/kinematic_state,30591385616,53.8950,-141.1360
/localization/kinematic_state,30641385617,53.8947,-141.1360
/localization/kinematic_state,30691385617,53.8945,-141.1360
/localization/kinematic_state,30791385619,53.8940,-141.1360
/localization/kinematic_state,30841385620,53.8937,-141.1360
/localization/kinematic_state,30891385620,53.8935,-141.1360
/localization/kinematic_state,30941385621,53.8932,-141.1360
/localization/kinematic_state,30991385622,53.8969,-141.1359
/localization/kinematic_state,31041385623,53.8968,-141.1358
/localization/kinematic_state,31091385623,53.8967,-141.1358
/localization/kinematic_state,31141385624,53.9119,-141.1358
/localization/kinematic_state,31191385625,53.9217,-141.1358
/localization/kinematic_state,31241385626,53.9299,-141.1360
/localization/kinematic_state,31291385626,53.9371,-141.1360
/localization/kinematic_state,31341385627,53.9438,-141.1361
/localization/kinematic_state,31441385629,53.9512,-141.1362
/localization/kinematic_state,31491385629,53.9548,-141.1362
/localization/kinematic_state,31541385630,53.9585,-141.1362
/localization/kinematic_state,31591385631,53.9622,-141.1362
/localization/kinematic_state,31641385632,53.9659,-141.1362
/localization/kinematic_state,31691385632,53.9696,-141.1363
/localization/kinematic_state,31741385633,53.9732,-141.1363
/localization/kinematic_state,31791385634,53.9769,-141.1363
/localization/kinematic_state,31891385635,53.9843,-141.1364
/localization/kinematic_state,31941385636,53.9879,-141.1364
/localization/kinematic_state,31991385637,53.9916,-141.1364
/localization/kinematic_state,32041385638,53.9953,-141.1364
/localization/kinematic_state,32091385638,53.9990,-141.1364
/localization/kinematic_state,32141385639,53.8836,-141.1356
/localization/kinematic_state,32191385640,53.8799,-141.1354
/localization/kinematic_state,32241385641,53.8773,-141.1353
/localization/kinematic_state,32291385641,53.8749,-141.1352
/localization/kinematic_state,32341385642,53.8727,-141.1350
/localization/kinematic_state,32391385643,53.8706,-141.1350
/localization/kinematic_state,32441385644,53.8686,-141.1350
/localization/kinematic_state,32491385644,53.8666,-141.1350
/localization/kinematic_state,32541385645,53.9060,-141.1350
/localization/kinematic_state,32591385646,53.9095,-141.1348
/localization/kinematic_state,32641385647,53.9119,-141.1345
/localization/kinematic_state,32741385648,53.9161,-141.1341
/localization/kinematic_state,32791385649,53.9182,-141.1338
/localization/kinematic_state,32841385649,53.9201,-141.1336
/localization/kinematic_state,32891385650,53.9220,-141.1334
/localization/kinematic_state,32941385651,53.9021,-141.1330
/localization/kinematic_state,32991385652,53.8974,-141.1329
/localization/kinematic_state,33041385652,53.8943,-141.1327
/localization/kinematic_state,33091385653,53.8917,-141.1326
/localization/kinematic_state,33141385654,53.8889,-141.1323
/localization/kinematic_state,33191385655,53.8868,-141.1322
/localization/kinematic_state,33241385655,53.8847,-141.1321
/localization/kinematic_state,33291385656,53.8826,-141.1320
/localization/kinematic_state,33341385657,53.8806,-141.1318
/localization/kinematic_state,33391385658,53.8787,-141.1318
/localization/kinematic_state,33441385658,53.8769,-141.1318
/localization/kinematic_state,33491385659,53.8751,-141.1318
/localization/kinematic_state,33541385660,53.8732,-141.1318
/localization/kinematic_state,33591385661,53.8714,-141.1318
/localization/kinematic_state,33641385661,53.8696,-141.1318
/localization/kinematic_state,33691385662,53.8677,-141.1318
/localization/kinematic_state,33741385663,53.8659,-141.1318
/localization/kinematic_state,33791385664,53.8641,-141.1318
/localization/kinematic_state,33891385665,53.8604,-141.1318
/localization/kinematic_state,33941385666,53.8586,-141.1318
/localization/kinematic_state,33991385667,53.8567,-141.1318
/localization/kinematic_state,34041385667,53.8549,-141.1318
/localization/kinematic_state,34091385668,53.8531,-141.1318
/localization/kinematic_state,34141385669,53.8512,-141.1318
/localization/kinematic_state,34191385670,53.8494,-141.1318
/localization/kinematic_state,34241385670,53.8475,-141.1318
/localization/kinematic_state,34291385671,53.8457,-141.1318
/localization/kinematic_state,34341385672,53.8439,-141.1318
/localization/kinematic_state,34391385673,53.8420,-141.1318
/localization/kinematic_state,34441385673,53.9027,-141.1317
/localization/kinematic_state,34491385674,53.9040,-141.1317
/localization/kinematic_state,34541385675,53.9051,-141.1316
/localization/kinematic_state,34591385676,53.9061,-141.1315
/localization/kinematic_state,34641385676,53.9071,-141.1313
/localization/kinematic_state,34691385677,53.9081,-141.1313
/localization/kinematic_state,34741385678,53.9091,-141.1312
/localization/kinematic_state,34791385679,53.9101,-141.1311
/localization/kinematic_state,34841385679,53.9110,-141.1310
/localization/kinematic_state,34891385680,53.9120,-141.1311
/localization/kinematic_state,34941385681,53.9129,-141.1311
/localization/kinematic_state,34991385682,53.9139,-141.1311
/localization/kinematic_state,35091385683,53.9158,-141.1311
/localization/kinematic_state,35141385684,53.9167,-141.1311
/localization/kinematic_state,35191385685,53.9177,-141.1311
/localization/kinematic_state,35241385685,53.9186,-141.1311
/localization/kinematic_state,35291385686,53.9196,-141.1311
/localization/kinematic_state,35341385687,53.9205,-141.1311
/localization/kinematic_state,35391385687,53.9215,-141.1311
/localization/kinematic_state,35441385688,53.9224,-141.1311
/localization/kinematic_state,35491385689,53.9234,-141.1311
/localization/kinematic_state,35541385690,53.9243,-141.1311
/localization/kinematic_state,35591385690,53.9252,-141.1311
/localization/kinematic_state,35641385691,53.9262,-141.1311
/localization/kinematic_state,35691385692,53.9271,-141.1311
/localization/kinematic_state,35741385693,53.9281,-141.1311
/localization/kinematic_state,35791385693,53.9290,-141.1311
/localization/kinematic_state,35841385694,53.9300,-141.1311
/localization/kinematic_state,35891385695,53.9309,-141.1311
/localization/kinematic_state,35941385696,53.9319,-141.1311
/localization/kinematic_state,35991385696,53.9328,-141.1311
/localization/kinematic_state,36041385697,53.9338,-141.1311
/localization/kinematic_state,36091385698,53.8806,-141.1310
/localization/kinematic_state,36141385699,53.8793,-141.1309
/localization/kinematic_state,36191385699,53.8782,-141.1308
/localization/kinematic_state,36241385700,53.8771,-141.1307
/localization/kinematic_state,36291385701,53.8761,-141.1305
/localization/kinematic_state,36341385702,53.8751,-141.1305
/localization/kinematic_state,36391385702,53.8741,-141.1304
/localization/kinematic_state,36441385703,53.8731,-141.1303
/localization/kinematic_state,36491385704,53.8720,-141.1303
/localization/kinematic_state,36541385705,53.8872,-141.1302
/localization/kinematic_state,36591385705,53.8889,-141.1301
/localization/kinematic_state,36641385706,53.8901,-141.1299
/localization/kinematic_state,36691385707,53.8910,-141.1298
/localization/kinematic_state,36741385708,53.8920,-141.1295
/localization/kinematic_state,36791385708,53.8929,-141.1294
/localization/kinematic_state,36841385709,53.9042,-141.1292
/localization/kinematic_state,36891385710,53.9096,-141.1290
/localization/kinematic_state,36941385711,53.9139,-141.1288
/localization/kinematic_state,36991385711,53.9178,-141.1288
/localization/kinematic_state,37041385712,53.9221,-141.1286
/localization/kinematic_state,37091385713,53.9256,-141.1286
/localization/kinematic_state,37141385714,53.9291,-141.1285
/localization/kinematic_state,37191385714,53.9326,-141.1285
/localization/kinematic_state,37241385715,53.9360,-141.1284
/localization/kinematic_state,37291385716,53.9392,-141.1284
/localization/kinematic_state,37391385717,53.9456,-141.1285
/localization/kinematic_state,37441385718,53.9127,-141.1282
/localization/kinematic_state,37491385719,53.9062,-141.1281
/localization/kinematic_state,37541385720,53.9029,-141.1280
/localization/kinematic_state,37591385720,53.9006,-141.1279
/localization/kinematic_state,37641385721,53.8989,-141.1278
/localization/kinematic_state,37691385722,53.8982,-141.1278
/localization/kinematic_state,37741385723,53.8975,-141.1278
/localization/kinematic_state,37791385723,53.8969,-141.1278
/localization/kinematic_state,37841385724,53.8962,-141.1278
/localization/kinematic_state,37891385725,53.8955,-141.1278
/localization/kinematic_state,37941385725,53.8949,-141.1278
/localization/kinematic_state,37991385726,53.8942,-141.1278
/localization/kinematic_state,38041385727,53.8935,-141.1278
/localization/kinematic_state,38091385728,53.8928,-141.1278
/localization/kinematic_state,38141385728,53.8922,-141.1278
/localization/kinematic_state,38191385729,53.8915,-141.1278
/localization/kinematic_state,38241385730,53.8908,-141.1278
/localization/kinematic_state,38291385731,53.8902,-141.1278
/localization/kinematic_state,38341385731,53.8895,-141.1278
/localization/kinematic_state,38391385732,53.8888,-141.1278
/localization/kinematic_state,38441385733,53.8882,-141.1278
/localization/kinematic_state,38491385734,53.8875,-141.1278
/localization/kinematic_state,38541385734,53.8868,-141.1278
/localization/kinematic_state,38591385735,53.8862,-141.1278
/localization/kinematic_state,38641385736,53.8855,-141.1278
/localization/kinematic_state,38691385737,53.8848,-141.1278
/localization/kinematic_state,38741385737,53.8842,-141.1278
/localization/kinematic_state,38791385738,53.8835,-141.1278
/localization/kinematic_state,38841385739,53.8828,-141.1278
/localization/kinematic_state,38891385740,53.8822,-141.1278
/localization/kinematic_state,38941385740,53.8815,-141.1278
/localization/kinematic_state,38991385741,53.8808,-141.1278
/localization/kinematic_state,39041385742,53.8802,-141.1278
/localization/kinematic_state,39091385743,53.8795,-141.1278
/localization/kinematic_state,39141385743,53.8788,-141.1278
/localization/kinematic_state,39191385744,53.8782,-141.1278
/localization/kinematic_state,39241385745,53.8775,-141.1278
/localization/kinematic_state,39291385746,53.8768,-141.1278
/localization/kinematic_state,39341385746,53.8762,-141.1278
/localization/kinematic_state,39391385747,53.8755,-141.1278
/localization/kinematic_state,39441385748,53.8748,-141.1278
/localization/kinematic_state,39491385749,53.8742,-141.1278
/localization/kinematic_state,39541385749,53.8735,-141.1278
/localization/kinematic_state,39591385750,53.8728,-141.1278
/localization/kinematic_state,39641385751,53.8722,-141.1278
/localization/kinematic_state,39691385752,53.8715,-141.1278
/localization/kinematic_state,39741385752,53.8708,-141.1278
/localization/kinematic_state,39791385753,53.8702,-141.1278
/localization/kinematic_state,39841385754,53.8695,-141.1278
/localization/kinematic_state,39891385755,53.8688,-141.1278
/localization/kinematic_state,39941385755,53.8682,-141.1278
/localization/kinematic_state,39991385756,53.8675,-141.1278
/localization/kinematic_state,40041385757,53.8668,-141.1278
/localization/kinematic_state,40091385758,53.8662,-141.1278
/localization/kinematic_state,40141385758,53.8655,-141.1278
/localization/kinematic_state,40191385759,53.8648,-141.1278
/localization/kinematic_state,40241385760,53.8642,-141.1278
/localization/kinematic_state,40291385761,53.8635,-141.1278
/localization/kinematic_state,40341385761,53.9113,-141.1270
/localization/kinematic_state,40441385763,53.8551,-141.1264
/localization/kinematic_state,40491385763,53.8479,-141.1256
/localization/kinematic_state,40541385764,53.8420,-141.1248
/localization/kinematic_state,40591385765,53.8373,-141.1241
/localization/kinematic_state,40641385766,53.8331,-141.1234
/localization/kinematic_state,40691385766,53.8293,-141.1233
/localization/kinematic_state,40741385767,53.8255,-141.1231
/localization/kinematic_state,40791385768,53.8218,-141.1231
/localization/kinematic_state,40841385769,53.8182,-141.1231
/localization/kinematic_state,40891385769,53.8146,-141.1231
/localization/kinematic_state,40941385770,53.8109,-141.1231
/localization/kinematic_state,40991385771,53.8073,-141.1231
/localization/kinematic_state,41041385772,53.8037,-141.1231
/localization/kinematic_state,41091385772,53.8000,-141.1231
/localization/kinematic_state,41141385773,53.7964,-141.1231
/localization/kinematic_state,41191385774,53.7928,-141.1231
/localization/kinematic_state,41241385775,53.7892,-141.1231
/localization/kinematic_state,41291385775,53.7855,-141.1231
/localization/kinematic_state,41341385776,53.7819,-141.1231
/localization/kinematic_state,41391385777,53.7783,-141.1231
/localization/kinematic_state,41441385778,53.7746,-141.1231
/localization/kinematic_state,41491385778,53.7710,-141.1231
/localization/kinematic_state,41541385779,53.7674,-141.1231
/localization/kinematic_state,41591385780,53.7637,-141.1231
/localization/kinematic_state,41641385781,53.7601,-141.1231
/localization/kinematic_state,41691385781,53.7565,-141.1231
/localization/kinematic_state,41741385782,53.8833,-141.1230
/localization/kinematic_state,41791385783,53.8867,-141.1229
/localization/kinematic_state,41841385784,53.8895,-141.1229
/localization/kinematic_state,41891385784,53.8921,-141.1228
/localization/kinematic_state,41941385785,53.8947,-141.1227
/localization/kinematic_state,41991385786,53.8972,-141.1226
/localization/kinematic_state,42041385787,53.8997,-141.1225
/localization/kinematic_state,42091385787,53.9022,-141.1225
/localization/kinematic_state,42141385788,53.8898,-141.1223
/localization/kinematic_state,42191385789,53.8885,-141.1221
/localization/kinematic_state,42241385790,53.8882,-141.1219
/localization/kinematic_state,42291385790,53.8880,-141.1217
/localization/kinematic_state,42341385791,53.8878,-141.1213
/localization/kinematic_state,42391385792,53.8880,-141.1211
/localization/kinematic_state,42441385793,53.8881,-141.1209
/localization/kinematic_state,42491385793,53.8882,-141.1207
/localization/kinematic_state,42541385794,53.8884,-141.1205
/localization/kinematic_state,42591385795,53.8886,-141.1205
/localization/kinematic_state,42641385796,53.8889,-141.1205
/localization/kinematic_state,42691385796,53.8891,-141.1205
/localization/kinematic_state,42741385797,53.8894,-141.1206
/localization/kinematic_state,42791385798,53.8896,-141.1206
/localization/kinematic_state,42841385799,53.8683,-141.1204
/localization/kinematic_state,42891385799,53.8644,-141.1204
/localization/kinematic_state,42941385800,53.8618,-141.1203
/localization/kinematic_state,42991385801,53.8596,-141.1203
/localization/kinematic_state,43041385801,53.8576,-141.1202
/localization/kinematic_state,43091385802,53.8559,-141.1202
/localization/kinematic_state,43141385803,53.8543,-141.1202
/localization/kinematic_state,43191385804,53.8526,-141.1202
/localization/kinematic_state,43241385804,53.8510,-141.1202
/localization/kinematic_state,43291385805,53.8493,-141.1202
/localization/kinematic_state,43341385806,53.8477,-141.1202
/localization/kinematic_state,43391385807,53.8460,-141.1202
/localization/kinematic_state,43441385807,53.8443,-141.1202
/localization/kinematic_state,43491385808,53.8427,-141.1202
/localization/kinematic_state,43541385809,53.8410,-141.1202
/localization/kinematic_state,43591385810,53.8394,-141.1202
/localization/kinematic_state,43641385810,53.8377,-141.1202
/localization/kinematic_state,43691385811,53.8361,-141.1202
/localization/kinematic_state,43741385812,53.8344,-141.1202
/localization/kinematic_state,43791385813,53.8328,-141.1202
/localization/kinematic_state,43891385814,53.8295,-141.1202
/localization/kinematic_state,43941385815,53.8528,-141.1201
/localization/kinematic_state,43991385816,53.8527,-141.1200
/localization/kinematic_state,44041385816,53.8524,-141.1199
/localization/kinematic_state,44091385817,53.8520,-141.1198
/localization/kinematic_state,44141385818,53.8518,-141.1197
/localization/kinematic_state,44191385819,53.8514,-141.1196
/localization/kinematic_state,44241385819,53.8511,-141.1195
/localization/kinematic_state,44291385820,53.8508,-141.1194
/localization/kinematic_state,44341385821,53.8505,-141.1193
/localization/kinematic_state,44391385822,53.8502,-141.1193
/localization/kinematic_state,44441385822,53.8498,-141.1193
/localization/kinematic_state,44491385823,53.8495,-141.1193
/localization/kinematic_state,44541385824,53.8491,-141.1193
/localization/kinematic_state,44591385825,53.8488,-141.1193
/localization/kinematic_state,44641385825,53.8484,-141.1193
/localization/kinematic_state,44691385826,53.8481,-141.1193
/localization/kinematic_state,44741385827,53.8477,-141.1193
/localization/kinematic_state,44791385828,53.8473,-141.1193
/localization/kinematic_state,44841385828,53.8470,-141.1193
/localization/kinematic_state,44891385829,53.8466,-141.1193
/localization/kinematic_state,44941385830,53.8463,-141.1193
/localization/kinematic_state,44991385831,53.8459,-141.1193
/localization/kinematic_state,45041385831,53.8456,-141.1193
/localization/kinematic_state,45141385833,53.8449,-141.1193
/localization/kinematic_state,45191385834,53.8445,-141.1193
/localization/kinematic_state,45241385834,53.8805,-141.1192
/localization/kinematic_state,45291385835,53.8821,-141.1191
/localization/kinematic_state,45341385836,53.8794,-141.1189
/localization/kinematic_state,45391385837,53.8781,-141.1188
/localization/kinematic_state,45441385837,53.8826,-141.1186
/localization/kinematic_state,45491385838,53.8858,-141.1184
/localization/kinematic_state,45541385839,53.8890,-141.1183
/localization/kinematic_state,45591385839,53.8928,-141.1182
/localization/kinematic_state,45641385840,53.8918,-141.1180
/localization/kinematic_state,45691385841,53.8913,-141.1178
/localization/kinematic_state,45741385842,53.8868,-141.1176
/localization/kinematic_state,45791385842,53.8846,-141.1174
/localization/kinematic_state,45841385843,53.8829,-141.1172
/localization/kinematic_state,45891385844,53.8813,-141.1172
/localization/kinematic_state,45941385845,53.8790,-141.1171
/localization/kinematic_state,45991385845,53.8776,-141.1170
/localization/kinematic_state,46041385846,53.8693,-141.1169
/localization/kinematic_state,46091385847,53.8627,-141.1167
/localization/kinematic_state,46141385848,53.8754,-141.1164
/localization/kinematic_state,46191385848,53.8783,-141.1162
/localization/kinematic_state,46241385849,53.8799,-141.1159
/localization/kinematic_state,46291385850,53.8810,-141.1158
/localization/kinematic_state,46341385851,53.8764,-141.1155
/localization/kinematic_state,46391385851,53.8735,-141.1154
/localization/kinematic_state,46441385852,53.8712,-141.1153
/localization/kinematic_state,46491385853,53.8691,-141.1152
/localization/kinematic_state,46541385854,53.8663,-141.1151
/localization/kinematic_state,46591385854,53.8643,-141.1151
/localization/kinematic_state,46641385855,53.8624,-141.1150
/localization/kinematic_state,46691385856,53.8604,-141.1150
/localization/kinematic_state,46741385857,53.8585,-141.1150
/localization/kinematic_state,46791385857,53.8569,-141.1150
/localization/kinematic_state,46841385858,53.8679,-141.1149
/localization/kinematic_state,46891385859,53.8693,-141.1149
/localization/kinematic_state,46941385860,53.8699,-141.1148
/localization/kinematic_state,46991385860,53.8704,-141.1147
/localization/kinematic_state,47041385861,53.8743,-141.1146
/localization/kinematic_state,47091385862,53.8766,-141.1145
/localization/kinematic_state,47141385863,53.8785,-141.1144
/localization/kinematic_state,47191385863,53.8809,-141.1142
/localization/kinematic_state,47241385864,53.8828,-141.1141
/localization/kinematic_state,47291385865,53.8844,-141.1140
/localization/kinematic_state,47341385866,53.8757,-141.1139
/localization/kinematic_state,47391385866,53.8726,-141.1138
/localization/kinematic_state,47441385867,53.8703,-141.1137
/localization/kinematic_state,47491385868,53.8685,-141.1137
/localization/kinematic_state,47541385869,53.8664,-141.1135
/localization/kinematic_state,47591385869,53.8650,-141.1135
/localization/kinematic_state,47641385870,53.8636,-141.1134
/localization/kinematic_state,47741385872,53.8612,-141.1134
/localization/kinematic_state,47791385872,53.8599,-141.1133
/localization/kinematic_state,47841385873,53.8588,-141.1133
/localization/kinematic_state,47891385874,53.8577,-141.1133
/localization/kinematic_state,47941385875,53.8567,-141.1133
/localization/kinematic_state,47991385875,53.8556,-141.1133
/localization/kinematic_state,48041385876,53.8546,-141.1133
/localization/kinematic_state,48091385877,53.8535,-141.1133
/localization/kinematic_state,48141385877,53.8524,-141.1133
/localization/kinematic_state,48191385878,53.8514,-141.1133
/localization/kinematic_state,48241385879,53.8670,-141.1133
/localization/kinematic_state,48291385880,53.8676,-141.1133
/localization/kinematic_state,48341385880,53.8700,-141.1132
/localization/kinematic_state,48391385881,53.8714,-141.1132
/localization/kinematic_state,48441385882,53.8747,-141.1131
/localization/kinematic_state,48491385883,53.8771,-141.1130
/localization/kinematic_state,48541385883,53.8754,-141.1129
/localization/kinematic_state,48591385884,53.8744,-141.1128
/localization/kinematic_state,48641385885,53.8736,-141.1127
/localization/kinematic_state,48691385886,53.8724,-141.1126
/localization/kinematic_state,48741385886,53.8751,-141.1125
/localization/kinematic_state,48791385887,53.8775,-141.1124
/localization/kinematic_state,48841385888,53.8806,-141.1123
/localization/kinematic_state,48891385889,53.8828,-141.1122
/localization/kinematic_state,48941385889,53.8878,-141.1121
/localization/kinematic_state,48991385890,53.8914,-141.1121
/localization/kinematic_state,49041385891,53.8947,-141.1121
/localization/kinematic_state,49091385892,53.8982,-141.1121
/localization/kinematic_state,49141385892,53.9024,-141.1121
/localization/kinematic_state,49191385893,53.9057,-141.1121
/localization/kinematic_state,49241385894,53.9090,-141.1122
/localization/kinematic_state,49291385895,53.9124,-141.1122
/localization/kinematic_state,49391385896,53.9186,-141.1122
/localization/kinematic_state,49441385897,53.9215,-141.1122
/localization/kinematic_state,49491385898,53.9244,-141.1122
/localization/kinematic_state,49541385898,53.9273,-141.1122
/localization/kinematic_state,49591385899,53.9302,-141.1122
/localization/kinematic_state,49641385900,53.9331,-141.1122
/localization/kinematic_state,49691385901,53.9360,-141.1123
/localization/kinematic_state,49741385901,53.9389,-141.1123
/localization/kinematic_state,49791385902,53.9418,-141.1123
/localization/kinematic_state,49841385903,53.9447,-141.1123
/localization/kinematic_state,49891385904,53.9476,-141.1123
/localization/kinematic_state,49941385904,53.9504,-141.1123
/localization/kinematic_state,49991385905,53.9533,-141.1123
/localization/kinematic_state,50041385906,53.9562,-141.1124
/localization/kinematic_state,50091385907,53.9591,-141.1124
/localization/kinematic_state,50141385907,53.9620,-141.1124
/localization/kinematic_state,50191385908,53.9649,-141.1124
/localization/kinematic_state,50291385910,53.9707,-141.1124
/localization/kinematic_state,50341385910,53.9736,-141.1125
/localization/kinematic_state,50391385911,53.8591,-141.1118
/localization/kinematic_state,50441385912,53.8557,-141.1118
/localization/kinematic_state,50491385913,53.8529,-141.1118
/localization/kinematic_state,50541385913,53.8502,-141.1117
/localization/kinematic_state,50591385914,53.8475,-141.1117
/localization/kinematic_state,50641385915,53.8450,-141.1117
/localization/kinematic_state,50691385915,53.8424,-141.1117
/localization/kinematic_state,50741385916,53.8398,-141.1117
/localization/kinematic_state,50791385917,53.8373,-141.1117
/localization/kinematic_state,50841385918,53.8348,-141.1117
/localization/kinematic_state,50891385918,53.8322,-141.1117
/localization/kinematic_state,50941385919,53.8297,-141.1117
/localization/kinematic_state,50991385920,53.8765,-141.1116
/localization/kinematic_state,51041385921,53.8831,-141.1116
/localization/kinematic_state,51091385921,53.8871,-141.1116
/localization/kinematic_state,51141385922,53.8718,-141.1114
/localization/kinematic_state,51191385923,53.8682,-141.1113
/localization/kinematic_state,51241385924,53.8636,-141.1112
/localization/kinematic_state,51291385924,53.8610,-141.1111
/localization/kinematic_state,51341385925,53.8586,-141.1110
/localization/kinematic_state,51391385926,53.8568,-141.1109
/localization/kinematic_state,51441385927,53.8630,-141.1108
/localization/kinematic_state,51491385927,53.8670,-141.1108
/localization/kinematic_state,51541385928,53.8764,-141.1107
/localization/kinematic_state,51591385929,53.8832,-141.1106
/localization/kinematic_state,51641385930,53.8889,-141.1105
/localization/kinematic_state,51691385930,53.8937,-141.1105
/localization/kinematic_state,51741385931,53.8984,-141.1104
/localization/kinematic_state,51791385932,53.9019,-141.1104
/localization/kinematic_state,51841385933,53.8935,-141.1104
/localization/kinematic_state,51891385933,53.8879,-141.1104
/localization/kinematic_state,51941385934,53.8751,-141.1103
/localization/kinematic_state,51991385935,53.8722,-141.1103
/localization/kinematic_state,52041385936,53.8710,-141.1102
/localization/kinematic_state,52091385936,53.8703,-141.1102
/localization/kinematic_state,52141385937,53.8696,-141.1101
/localization/kinematic_state,52191385938,53.8691,-141.1100
/localization/kinematic_state,52241385939,53.8686,-141.1100
/localization/kinematic_state,52341385940,53.8676,-141.1099
/localization/kinematic_state,52391385941,53.8671,-141.1099
/localization/kinematic_state,52441385942,53.8667,-141.1099
/localization/kinematic_state,52491385942,53.8663,-141.1099
/localization/kinematic_state,52541385943,53.8659,-141.1099
/localization/kinematic_state,52591385944,53.8654,-141.1099
/localization/kinematic_state,52641385945,53.8650,-141.1099
/localization/kinematic_state,52691385945,53.8646,-141.1099
/localization/kinematic_state,52741385946,53.8642,-141.1098
/localization/kinematic_state,52791385947,53.8637,-141.1098
/localization/kinematic_state,52841385948,53.8796,-141.1098
/localization/kinematic_state,52891385948,53.8807,-141.1097
/localization/kinematic_state,52941385949,53.8816,-141.1096
/localization/kinematic_state,52991385950,53.8824,-141.1095
/localization/kinematic_state,53041385951,53.8832,-141.1094
/localization/kinematic_state,53091385951,53.8840,-141.1093
/localization/kinematic_state,53141385952,53.8847,-141.1092
/localization/kinematic_state,53191385953,53.8854,-141.1091
/localization/kinematic_state,53241385953,53.8862,-141.1091
/localization/kinematic_state,53291385954,53.8869,-141.1091
/localization/kinematic_state,53341385955,53.8876,-141.1091
/localization/kinematic_state,53391385956,53.8883,-141.1091
/localization/kinematic_state,53441385956,53.8891,-141.1091
/localization/kinematic_state,53491385957,53.8898,-141.1091
/localization/kinematic_state,53541385958,53.8905,-141.1091
/localization/kinematic_state,53591385959,53.8912,-141.1091
/localization/kinematic_state,53641385959,53.8920,-141.1091
/localization/kinematic_state,53691385960,53.8927,-141.1091
/localization/kinematic_state,53741385961,53.8934,-141.1091
/localization/kinematic_state,53791385962,53.8941,-141.1091
/localization/kinematic_state,53841385962,53.8847,-141.1090
/localization/kinematic_state,53891385963,53.8847,-141.1090
/localization/kinematic_state,53941385964,53.8847,-141.1090
/localization/kinematic_state,53991385965,53.8848,-141.1090
/localization/kinematic_state,54041385965,53.8849,-141.1090
/localization/kinematic_state,54091385966,53.8850,-141.1090
/localization/kinematic_state,54141385967,53.8734,-141.1089
/localization/kinematic_state,54191385968,53.8692,-141.1089
/localization/kinematic_state,54241385968,53.8661,-141.1089
/localization/kinematic_state,54291385969,53.8633,-141.1089
/localization/kinematic_state,54341385970,53.8603,-141.1088
/localization/kinematic_state,54391385971,53.8578,-141.1088
/localization/kinematic_state,54441385971,53.8554,-141.1088
/localization/kinematic_state,54491385972,53.8530,-141.1088
/localization/kinematic_state,54541385973,53.8506,-141.1088
/localization/kinematic_state,54591385974,53.8484,-141.1088
/localization/kinematic_state,54641385974,53.8462,-141.1088
/localization/kinematic_state,54691385975,53.8440,-141.1088
/localization/kinematic_state,54741385976,53.8418,-141.1088
/localization/kinematic_state,54791385977,53.8396,-141.1088
/localization/kinematic_state,54841385977,53.8374,-141.1088
/localization/kinematic_state,54891385978,53.8352,-141.1088
/localization/kinematic_state,54941385979,53.8330,-141.1088
/localization/kinematic_state,54991385980,53.8308,-141.1088
/localization/kinematic_state,55041385980,53.8286,-141.1088
/localization/kinematic_state,55091385981,53.8264,-141.1088
/localization/kinematic_state,55141385982,53.8601,-141.1087
/localization/kinematic_state,55191385983,53.8614,-141.1087
/localization/kinematic_state,55241385983,53.8618,-141.1086
/localization/kinematic_state,55291385984,53.8620,-141.1086
/localization/kinematic_state,55341385985,53.8621,-141.1085
/localization/kinematic_state,55391385986,53.8621,-141.1085
/localization/kinematic_state,55441385986,53.8620,-141.1085
/localization/kinematic_state,55491385987,53.8620,-141.1085
/localization/kinematic_state,55541385988,53.8870,-141.1085
/localization/kinematic_state,55591385988,53.8908,-141.1084
/localization/kinematic_state,55641385989,53.8919,-141.1083
/localization/kinematic_state,55691385990,53.8933,-141.1081
/localization/kinematic_state,55741385991,53.8947,-141.1080
/localization/kinematic_state,55791385991,53.8959,-141.1079
/localization/kinematic_state,55841385992,53.8967,-141.1077
/localization/kinematic_state,55891385993,53.8980,-141.1077
/localization/kinematic_state,55941385994,53.8993,-141.1076
/localization/kinematic_state,55991385994,53.9006,-141.1075
/localization/kinematic_state,56041385995,53.9020,-141.1074
/localization/kinematic_state,56091385996,53.9035,-141.1074
/localization/kinematic_state,56141385997,53.8823,-141.1073
/localization/kinematic_state,56191385997,53.8790,-141.1072
/localization/kinematic_state,56241385998,53.8728,-141.1070
/localization/kinematic_state,56291385999,53.8692,-141.1069
/localization/kinematic_state,56341386000,53.8660,-141.1068
/localization/kinematic_state,56391386000,53.8619,-141.1067
/localization/kinematic_state,56441386001,53.8582,-141.1065
/localization/kinematic_state,56491386002,53.8552,-141.1065
/localization/kinematic_state,56541386003,53.8689,-141.1064
/localization/kinematic_state,56591386003,53.8736,-141.1063
/localization/kinematic_state,56641386004,53.8767,-141.1062
/localization/kinematic_state,56691386005,53.8791,-141.1062
/localization/kinematic_state,56741386006,53.8821,-141.1061
/localization/kinematic_state,56791386006,53.8839,-141.1061
/localization/kinematic_state,56841386007,53.8857,-141.1060
/localization/kinematic_state,56891386008,53.8874,-141.1060
/localization/kinematic_state,56941386009,53.8787,-141.1058
/localization/kinematic_state,56991386009,53.8780,-141.1057
/localization/kinematic_state,57041386010,53.8787,-141.1056
/localization/kinematic_state,57091386011,53.8800,-141.1055
/localization/kinematic_state,57141386012,53.8827,-141.1053
/localization/kinematic_state,57191386012,53.8845,-141.1053
/localization/kinematic_state,57291386014,53.8821,-141.1052
/localization/kinematic_state,57341386015,53.8796,-141.1051
/localization/kinematic_state,57391386015,53.8774,-141.1050
/localization/kinematic_state,57441386016,53.8750,-141.1049
/localization/kinematic_state,57491386017,53.8728,-141.1049
/localization/kinematic_state,57541386018,53.8749,-141.1049
/localization/kinematic_state,57591386018,53.8752,-141.1049
/localization/kinematic_state,57641386019,53.8753,-141.1048
/localization/kinematic_state,57691386020,53.8755,-141.1048
/localization/kinematic_state,57741386021,53.8756,-141.1048
/localization/kinematic_state,57791386021,53.8757,-141.1047
/localization/kinematic_state,57841386022,53.8758,-141.1047
/localization/kinematic_state,57891386023,53.8758,-141.1047
/localization/kinematic_state,57941386024,53.8789,-141.1046
/localization/kinematic_state,57991386024,53.8807,-141.1046
/localization/kinematic_state,58041386025,53.8821,-141.1045
/localization/kinematic_state,58091386026,53.8832,-141.1044
/localization/kinematic_state,58141386026,53.8843,-141.1044
/localization/kinematic_state,58191386027,53.8850,-141.1044
/localization/kinematic_state,58241386028,53.8867,-141.1044
/localization/kinematic_state,58291386029,53.8876,-141.1043
/localization/kinematic_state,58341386029,53.8884,-141.1043
/localization/kinematic_state,58391386030,53.8892,-141.1043
/localization/kinematic_state,58441386031,53.8900,-141.1043
/localization/kinematic_state,58491386032,53.8908,-141.1043
/localization/kinematic_state,58541386032,53.8916,-141.1043
/localization/kinematic_state,58591386033,53.8924,-141.1043
/localization/kinematic_state,58641386034,53.8931,-141.1043
/localization/kinematic_state,58691386035,53.8939,-141.1043
/localization/kinematic_state,58741386035,53.8947,-141.1043
/localization/kinematic_state,58791386036,53.8955,-141.1043
/localization/kinematic_state,58841386037,53.8963,-141.1043
/localization/kinematic_state,58891386038,53.8971,-141.1043
/localization/kinematic_state,58991386039,53.8986,-141.1043
/localization/kinematic_state,59041386040,53.8994,-141.1043
/localization/kinematic_state,59091386041,53.9002,-141.1043
/localization/kinematic_state,59141386041,53.9010,-141.1043
/localization/kinematic_state,59191386042,53.9018,-141.1043
/localization/kinematic_state,59241386043,53.9026,-141.1043
/localization/kinematic_state,59291386044,53.9034,-141.1043
/localization/kinematic_state,59341386044,53.9042,-141.1043
/localization/kinematic_state,59391386045,53.9049,-141.1043
/localization/kinematic_state,59441386046,53.9057,-141.1043
/localization/kinematic_state,59491386047,53.9065,-141.1043
/localization/kinematic_state,59541386047,53.9073,-141.1043
/localization/kinematic_state,59591386048,53.9081,-141.1043
/localization/kinematic_state,59641386049,53.9089,-141.1043
/localization/kinematic_state,59691386050,53.9097,-141.1043
/localization/kinematic_state,59741386050,53.9105,-141.1043
/localization/kinematic_state,59791386051,53.9112,-141.1043
/localization/kinematic_state,59841386052,53.9120,-141.1043
/localization/kinematic_state,59891386053,53.9128,-141.1043
/localization/kinematic_state,59941386053,53.9136,-141.1044
/localization/kinematic_state,59991386054,53.9144,-141.1044
/localization/kinematic_state,60041386055,53.9152,-141.1044
/localization/kinematic_state,60091386056,53.9160,-141.1044
/localization/kinematic_state,60141386056,53.9167,-141.1044
/localization/kinematic_state,60191386057,53.9175,-141.1044
/localization/kinematic_state,60241386058,53.9183,-141.1044
/localization/kinematic_state,60291386059,53.9191,-141.1044
/localization/kinematic_state,60341386059,53.9199,-141.1044
/localization/kinematic_state,60391386060,53.9207,-141.1044
/localization/kinematic_state,60441386061,53.9215,-141.1044
/localization/kinematic_state,60491386062,53.9223,-141.1044
/localization/kinematic_state,60541386062,53.9230,-141.1044
/localization/kinematic_state,60641386064,53.9246,-141.1044
/localization/kinematic_state,60691386064,53.9254,-141.1044
/localization/kinematic_state,60741386065,53.9262,-141.1044
/localization/kinematic_state,60791386066,53.9270,-141.1044
/localization/kinematic_state,60841386067,53.8391,-141.1040
/localization/kinematic_state,60941386068,53.8258,-141.1038
/localization/kinematic_state,60991386069,53.8187,-141.1035
/localization/kinematic_state,61041386070,53.8132,-141.1033
/localization/kinematic_state,61091386070,53.8088,-141.1030
/localization/kinematic_state,61141386071,53.8078,-141.1029
/localization/kinematic_state,61191386072,53.8059,-141.1029
/localization/kinematic_state,61241386073,53.8041,-141.1029
/localization/kinematic_state,61291386073,53.8022,-141.1029
/localization/kinematic_state,61341386074,53.8003,-141.1029
/localization/kinematic_state,61391386075,53.7984,-141.1029
/localization/kinematic_state,61441386076,53.7965,-141.1029
/localization/kinematic_state,61491386076,53.7946,-141.1029
/localization/kinematic_state,61541386077,53.7927,-141.1029
/localization/kinematic_state,61591386078,53.7909,-141.1029
/localization/kinematic_state,61641386079,53.7890,-141.1029
/localization/kinematic_state,61691386079,53.7871,-141.1029
/localization/kinematic_state,61741386080,53.7852,-141.1029
/localization/kinematic_state,61791386081,53.7833,-141.1029
/localization/kinematic_state,61841386082,53.7814,-141.1029
/localization/kinematic_state,61891386082,53.7795,-141.1029
/localization/kinematic_state,61941386083,53.8750,-141.1029
/localization/kinematic_state,61991386084,53.8838,-141.1025
/localization/kinematic_state,62041386085,53.8850,-141.1023
/localization/kinematic_state,62091386085,53.8859,-141.1021
/localization/kinematic_state,62141386086,53.8866,-141.1019
/localization/kinematic_state,62191386087,53.8873,-141.1018
/localization/kinematic_state,62241386088,53.8879,-141.1018
/localization/kinematic_state,62341386089,53.8891,-141.1018
/localization/kinematic_state,62391386090,53.8897,-141.1018
/localization/kinematic_state,62441386091,53.8903,-141.1018
/localization/kinematic_state,62541386092,53.8914,-141.1018
/localization/kinematic_state,62591386093,53.8920,-141.1018
/localization/kinematic_state,62641386094,53.8926,-141.1018
/localization/kinematic_state,62691386094,53.8932,-141.1018
/localization/kinematic_state,62741386095,53.8938,-141.1018
/localization/kinematic_state,62841386097,53.8949,-141.1018
/localization/kinematic_state,62891386097,53.8955,-141.1018
/localization/kinematic_state,62941386098,53.8961,-141.1018
/localization/kinematic_state,62991386099,53.8967,-141.1019
/localization/kinematic_state,63041386100,53.8973,-141.1019
/localization/kinematic_state,63091386100,53.8979,-141.1019
/localization/kinematic_state,63141386101,53.8985,-141.1019
/localization/kinematic_state,63191386102,53.8990,-141.1019
/localization/kinematic_state,63241386102,53.8996,-141.1019
/localization/kinematic_state,63291386103,53.9002,-141.1019
/localization/kinematic_state,63341386104,53.9008,-141.1019
/localization/kinematic_state,63391386105,53.9014,-141.1019
/localization/kinematic_state,63441386105,53.9020,-141.1019
/localization/kinematic_state,63491386106,53.9026,-141.1019
/localization/kinematic_state,63541386107,53.9031,-141.1019
/localization/kinematic_state,63591386108,53.9037,-141.1019
/localization/kinematic_state,63641386108,53.9043,-141.1019
/localization/kinematic_state,63691386109,53.9049,-141.1020
/localization/kinematic_state,63741386110,53.9055,-141.1020
/localization/kinematic_state,63791386111,53.9061,-141.1020
/localization/kinematic_state,63841386111,53.9067,-141.1020
/localization/kinematic_state,63891386112,53.9072,-141.1020
/localization/kinematic_state,63941386113,53.9078,-141.1020
/localization/kinematic_state,63991386114,53.9084,-141.1020
/localization/kinematic_state,64041386114,53.9090,-141.1020
/localization/kinematic_state,64091386115,53.9096,-141.1020
/localization/kinematic_state,64141386116,53.9102,-141.1020
/localization/kinematic_state,64191386117,53.9107,-141.1020
/localization/kinematic_state,64241386117,53.9113,-141.1021
/localization/kinematic_state,64291386118,53.9119,-141.1021
/localization/kinematic_state,64341386119,53.9125,-141.1021
/localization/kinematic_state,64391386120,53.9131,-141.1021
/localization/kinematic_state,64441386120,53.9137,-141.1021
/localization/kinematic_state,64491386121,53.9143,-141.1021
/localization/kinematic_state,64541386122,53.9148,-141.1021
/localization/kinematic_state,64591386123,53.9154,-141.1021
/localization/kinematic_state,64641386123,53.9160,-141.1021
/localization/kinematic_state,64691386124,53.9166,-141.1021
/localization/kinematic_state,64741386125,53.9172,-141.1022
/localization/kinematic_state,64791386126,53.9178,-141.1022
/localization/kinematic_state,64841386126,53.9184,-141.1022
/localization/kinematic_state,64891386127,53.9189,-141.1022
/localization/kinematic_state,64941386128,53.9195,-141.1022
/localization/kinematic_state,64991386129,53.9201,-141.1022
/localization/kinematic_state,65041386129,53.9207,-141.1022
/localization/kinematic_state,65091386130,53.9213,-141.1022
/localization/kinematic_state,65141386131,53.9219,-141.1023
/localization/kinematic_state,65191386132,53.9225,-141.1023
/localization/kinematic_state,65241386132,53.9230,-141.1023
/localization/kinematic_state,65291386133,53.9236,-141.1023
/localization/kinematic_state,65341386134,53.9242,-141.1023
/localization/kinematic_state,65391386135,53.9248,-141.1023
/localization/kinematic_state,65441386135,53.9254,-141.1023
/localization/kinematic_state,65491386136,53.9260,-141.1023
/localization/kinematic_state,65541386137,53.9265,-141.1024
/localization/kinematic_state,65591386138,53.9271,-141.1024
/localization/kinematic_state,65641386138,53.9277,-141.1024
/localization/kinematic_state,65691386139,53.8668,-141.1008
/localization/kinematic_state,65741386140,53.8546,-141.1004
/localization/kinematic_state,65791386140,53.8419,-141.1001
/localization/kinematic_state,65841386141,53.8286,-141.0997
/localization/kinematic_state,65891386142,53.8147,-141.0993
/localization/kinematic_state,65941386143,53.8129,-141.0993
/localization/kinematic_state,65991386143,53.8111,-141.0993
/localization/kinematic_state,66041386144,53.8092,-141.0993
/localization/kinematic_state,66091386145,53.8074,-141.0992
/localization/kinematic_state,66141386146,53.8056,-141.0992
/localization/kinematic_state,66241386147,53.8020,-141.0992
/localization/kinematic_state,66291386148,53.8002,-141.0992
/localization/kinematic_state,66341386149,53.7984,-141.0991
/localization/kinematic_state,66391386149,53.7965,-141.0991
/localization/kinematic_state,66441386150,53.7947,-141.0991
/localization/kinematic_state,66491386151,53.7929,-141.0991
/localization/kinematic_state,66541386152,53.7911,-141.0991
/localization/kinematic_state,66591386152,53.7893,-141.0990
/localization/kinematic_state,66641386153,53.7875,-141.0990
/localization/kinematic_state,66691386154,53.7856,-141.0990
/localization/kinematic_state,66741386155,53.7838,-141.0990
/localization/kinematic_state,66791386155,53.7820,-141.0989
/localization/kinematic_state,66841386156,53.7802,-141.0989
/localization/kinematic_state,66891386157,53.7784,-141.0989
/localization/kinematic_state,66941386158,53.7766,-141.0989
/localization/kinematic_state,67041386159,53.7729,-141.0988
/localization/kinematic_state,67091386160,53.7711,-141.0988
/localization/kinematic_state,67191386161,53.7675,-141.0987
/localization/kinematic_state,67241386162,53.7657,-141.0987
/localization/kinematic_state,67291386163,53.7638,-141.0987
/localization/kinematic_state,67341386164,53.7620,-141.0987
/localization/kinematic_state,67391386164,53.7602,-141.0986
/localization/kinematic_state,67441386165,53.8336,-141.1002
/localization/kinematic_state,67491386166,53.8069,-141.0994
/localization/kinematic_state,67541386167,53.7896,-141.0988
/localization/kinematic_state,67591386167,53.7769,-141.0981
/localization/kinematic_state,67641386168,53.7667,-141.0976
/localization/kinematic_state,67691386169,53.7638,-141.0976
/localization/kinematic_state,67741386170,53.7610,-141.0976
/localization/kinematic_state,67791386170,53.7582,-141.0976
/localization/kinematic_state,67891386172,53.7525,-141.0976
/localization/kinematic_state,67941386173,53.7497,-141.0976
/localization/kinematic_state,67991386173,53.7469,-141.0976
/localization/kinematic_state,68041386174,53.7441,-141.0976
/localization/kinematic_state,68091386175,53.7412,-141.0976
/localization/kinematic_state,68141386176,53.7384,-141.0976
/localization/kinematic_state,68191386176,53.7356,-141.0976
/localization/kinematic_state,68241386177,53.7328,-141.0977
/localization/kinematic_state,68291386178,53.7300,-141.0977
/localization/kinematic_state,68341386178,53.7271,-141.0977
/localization/kinematic_state,68391386179,53.7243,-141.0977
/localization/kinematic_state,68441386180,53.7215,-141.0977
/localization/kinematic_state,68491386181,53.7187,-141.0977
/localization/kinematic_state,68541386181,53.7158,-141.0977
/localization/kinematic_state,68591386182,53.7130,-141.0977
/localization/kinematic_state,68641386183,53.7102,-141.0977
/localization/kinematic_state,68691386184,53.7074,-141.0977
/localization/kinematic_state,68741386184,53.7045,-141.0977
/localization/kinematic_state,68791386185,53.7017,-141.0977
/localization/kinematic_state,68841386186,53.6989,-141.0978
/localization/kinematic_state,68891386187,53.6961,-141.0978
/localization/kinematic_state,68941386187,53.6932,-141.0978
/localization/kinematic_state,68991386188,53.6904,-141.0978
/localization/kinematic_state,69041386189,53.9065,-141.0976
/localization/kinematic_state,69091386190,53.8894,-141.0979
/localization/kinematic_state,69141386190,53.8856,-141.0974
/localization/kinematic_state,69191386191,53.8831,-141.0969
/localization/kinematic_state,69241386192,53.8812,-141.0964
/localization/kinematic_state,69291386193,53.8806,-141.0961
/localization/kinematic_state,69341386193,53.8808,-141.0961
/localization/kinematic_state,69391386194,53.8809,-141.0960
/localization/kinematic_state,69441386195,53.8811,-141.0960
/localization/kinematic_state,69491386196,53.8812,-141.0960
/localization/kinematic_state,69541386196,53.8814,-141.0960
/localization/kinematic_state,69591386197,53.8815,-141.0960
/localization/kinematic_state,69641386198,53.8816,-141.0960
/localization/kinematic_state,69691386199,53.8818,-141.0960
/localization/kinematic_state,69741386199,53.8819,-141.0960
/localization/kinematic_state,69791386200,53.8821,-141.0960
/localization/kinematic_state,69841386201,53.8822,-141.0960
/localization/kinematic_state,69891386202,53.8824,-141.0960
/localization/kinematic_state,69941386202,53.8825,-141.0960
/localization/kinematic_state,69991386203,53.8827,-141.0960
/localization/kinematic_state,70041386204,53.8828,-141.0960
/localization/kinematic_state,70091386205,53.8829,-141.0960
/localization/kinematic_state,70141386205,53.8831,-141.0960
/localization/kinematic_state,70191386206,53.8832,-141.0960
/localization/kinematic_state,70241386207,53.8834,-141.0960
/localization/kinematic_state,70291386208,53.8835,-141.0960
/localization/kinematic_state,70341386208,53.8837,-141.0960
/localization/kinematic_state,70391386209,53.8838,-141.0960
/localization/kinematic_state,70441386210,53.8839,-141.0960
/localization/kinematic_state,70491386211,53.8841,-141.0960
/localization/kinematic_state,70541386211,53.8842,-141.0960
/localization/kinematic_state,70591386212,53.8844,-141.0960
/localization/kinematic_state,70641386213,53.8845,-141.0960
/localization/kinematic_state,70691386214,53.8847,-141.0960
/localization/kinematic_state,70741386214,53.8193,-141.0959
/localization/kinematic_state,70791386215,53.8870,-141.0946
/localization/kinematic_state,70841386216,53.9249,-141.0936
/localization/kinematic_state,70891386216,53.9560,-141.0927
/localization/kinematic_state,70941386217,53.9834,-141.0920
/localization/kinematic_state,70991386218,53.9999,-141.0916
/localization/kinematic_state,71041386219,54.0033,-141.0916
/localization/kinematic_state,71091386219,54.0067,-141.0917
/localization/kinematic_state,71141386220,54.0101,-141.0917
/localization/kinematic_state,71191386221,54.0135,-141.0918
/localization/kinematic_state,71241386222,54.0169,-141.0918
/localization/kinematic_state,71291386222,54.0203,-141.0919
/localization/kinematic_state,71341386223,54.0074,-141.0914
/localization/kinematic_state,71391386224,54.0078,-141.0912
/localization/kinematic_state,71441386225,54.0099,-141.0909
/localization/kinematic_state,71491386225,54.0125,-141.0906
/localization/kinematic_state,71541386226,54.0153,-141.0904
/localization/kinematic_state,71591386227,54.0183,-141.0904
/localization/kinematic_state,71641386228,54.0213,-141.0904
/localization/kinematic_state,71691386228,54.0243,-141.0904
/localization/kinematic_state,71741386229,54.0273,-141.0904
/localization/kinematic_state,71791386230,54.0302,-141.0904
/localization/kinematic_state,71891386231,54.0362,-141.0905
/localization/kinematic_state,71941386232,54.0392,-141.0905
/localization/kinematic_state,71991386233,54.0422,-141.0905
/localization/kinematic_state,72041386234,53.8753,-141.0905
/localization/kinematic_state,72091386234,53.8745,-141.0902
/localization/kinematic_state,72141386235,53.8749,-141.0898
/localization/kinematic_state,72191386236,53.8757,-141.0895
/localization/kinematic_state,72241386237,53.8767,-141.0891
/localization/kinematic_state,72291386237,53.8765,-141.0891
/localization/kinematic_state,72341386238,53.8764,-141.0891
/localization/kinematic_state,72441386240,53.8760,-141.0891
/localization/kinematic_state,72491386240,53.8759,-141.0891
/localization/kinematic_state,72541386241,53.8231,-141.0887
/localization/kinematic_state,72591386242,53.8222,-141.0884
/localization/kinematic_state,72641386243,53.8216,-141.0880
/localization/kinematic_state,72691386243,53.8210,-141.0876
/localization/kinematic_state,72741386244,53.8203,-141.0873
/localization/kinematic_state,72791386245,53.8190,-141.0873
/localization/kinematic_state,72841386246,53.8178,-141.0873
/localization/kinematic_state,72891386246,53.8165,-141.0873
/localization/kinematic_state,72941386247,53.8153,-141.0873
/localization/kinematic_state,72991386248,53.8140,-141.0873
/localization/kinematic_state,73041386249,53.8128,-141.0873
/localization/kinematic_state,73091386249,53.8115,-141.0873
/localization/kinematic_state,73141386250,53.8103,-141.0873
/localization/kinematic_state,73191386251,53.8090,-141.0873
/localization/kinematic_state,73241386252,53.8078,-141.0873
/localization/kinematic_state,73291386252,53.8065,-141.0873
/localization/kinematic_state,73341386253,53.8053,-141.0873
/localization/kinematic_state,73391386254,53.8040,-141.0873
/localization/kinematic_state,73441386254,53.8028,-141.0873
/localization/kinematic_state,73491386255,53.8015,-141.0873
/localization/kinematic_state,73541386256,53.8003,-141.0873
/localization/kinematic_state,73591386257,53.7990,-141.0873
/localization/kinematic_state,73641386257,53.7978,-141.0873
/localization/kinematic_state,73691386258,53.7965,-141.0873
/localization/kinematic_state,73741386259,53.7953,-141.0873
/localization/kinematic_state,73791386260,53.7940,-141.0873
/localization/kinematic_state,73841386260,53.7928,-141.0873
/localization/kinematic_state,73891386261,53.7915,-141.0873
/localization/kinematic_state,73941386262,53.7903,-141.0873
/localization/kinematic_state,73991386263,53.7890,-141.0873
/localization/kinematic_state,74041386263,53.7877,-141.0873
/localization/kinematic_state,74091386264,53.7865,-141.0874
/localization/kinematic_state,74141386265,53.7852,-141.0874
/localization/kinematic_state,74191386266,53.7840,-141.0874
/localization/kinematic_state,74241386266,53.7827,-141.0874
/localization/kinematic_state,74341386268,53.7802,-141.0874
/localization/kinematic_state,74391386269,53.7790,-141.0874
/localization/kinematic_state,74441386269,53.7777,-141.0874
/localization/kinematic_state,74541386271,53.7752,-141.0874
/localization/kinematic_state,74591386272,53.7740,-141.0874
/localization/kinematic_state,74691386273,53.9253,-141.0865
/localization/kinematic_state,74741386274,53.9367,-141.0858
/localization/kinematic_state,74791386275,53.9480,-141.0852
/localization/kinematic_state,74841386275,53.9594,-141.0847
/localization/kinematic_state,74891386276,53.9711,-141.0842
/localization/kinematic_state,74941386277,53.9731,-141.0843
/localization/kinematic_state,74991386278,53.9751,-141.0844
/localization/kinematic_state,75041386278,53.9771,-141.0844
/localization/kinematic_state,75091386279,53.9791,-141.0845
/localization/kinematic_state,75141386280,53.9811,-141.0846
/localization/kinematic_state,75191386281,53.9831,-141.0847
/localization/kinematic_state,75291386282,53.9871,-141.0849
/localization/kinematic_state,75341386283,53.9891,-141.0850
/localization/kinematic_state,75391386284,53.9911,-141.0851
/localization/kinematic_state,75441386284,53.8043,-141.0832
/localization/kinematic_state,75491386285,53.8446,-141.0828
/localization/kinematic_state,75541386286,53.8505,-141.0821
/localization/kinematic_state,75591386287,53.8519,-141.0813
/localization/kinematic_state,75641386287,53.8513,-141.0806
/localization/kinematic_state,75691386288,53.8478,-141.0802
/localization/kinematic_state,75741386289,53.8475,-141.0802
/localization/kinematic_state,75791386290,53.8472,-141.0802
/localization/kinematic_state,75841386290,53.8470,-141.0802
/localization/kinematic_state,75891386291,53.8467,-141.0802
/localization/kinematic_state,75941386292,53.8464,-141.0802
/localization/kinematic_state,75991386292,53.8461,-141.0802
/localization/kinematic_state,76041386293,53.8458,-141.0802
/localization/kinematic_state,76091386294,53.8456,-141.0802
/localization/kinematic_state,76141386295,53.8453,-141.0802
/localization/kinematic_state,76191386295,53.8450,-141.0802
/localization/kinematic_state,76241386296,53.8447,-141.0802
/localization/kinematic_state,76291386297,53.8444,-141.0802
/localization/kinematic_state,76341386298,53.8442,-141.0802
/localization/kinematic_state,76391386298,53.8439,-141.0802
/localization/kinematic_state,76441386299,53.8436,-141.0802
/localization/kinematic_state,76491386300,53.8433,-141.0802
/localization/kinematic_state,76541386301,53.8478,-141.0799
/localization/kinematic_state,76591386301,53.8482,-141.0795
/localization/kinematic_state,76641386302,53.8486,-141.0792
/localization/kinematic_state,76691386303,53.8489,-141.0788
/localization/kinematic_state,76741386304,53.8493,-141.0785
/localization/kinematic_state,76791386304,53.8492,-141.0785
/localization/kinematic_state,76841386305,53.8491,-141.0785
/localization/kinematic_state,76891386306,53.8489,-141.0785
/localization/kinematic_state,76941386307,53.8488,-141.0785
/localization/kinematic_state,76991386307,53.8486,-141.0785
/localization/kinematic_state,77041386308,53.8485,-141.0785
/localization/kinematic_state,77091386309,53.8484,-141.0785
/localization/kinematic_state,77141386310,53.8482,-141.0785
/localization/kinematic_state,77191386310,53.8481,-141.0785
/localization/kinematic_state,77241386311,53.8480,-141.0785
/localization/kinematic_state,77291386312,53.8478,-141.0785
/localization/kinematic_state,77341386313,53.8477,-141.0785
/localization/kinematic_state,77391386313,53.8476,-141.0785
/localization/kinematic_state,77441386314,53.8474,-141.0785
/localization/kinematic_state,77491386315,53.8473,-141.0785
/localization/kinematic_state,77541386316,53.8471,-141.0785
/localization/kinematic_state,77591386316,53.8470,-141.0785
/localization/kinematic_state,77641386317,53.8469,-141.0785
/localization/kinematic_state,77741386319,53.8466,-141.0785
/localization/kinematic_state,77791386319,53.8465,-141.0785
/localization/kinematic_state,77841386320,53.8463,-141.0785
/localization/kinematic_state,77891386321,53.8462,-141.0785
/localization/kinematic_state,77941386322,53.8460,-141.0785
/localization/kinematic_state,77991386322,53.8459,-141.0785
/localization/kinematic_state,78041386323,53.8458,-141.0785
/localization/kinematic_state,78091386324,53.8456,-141.0786
/localization/kinematic_state,78141386325,53.8455,-141.0786
/localization/kinematic_state,78191386325,53.8454,-141.0786
/localization/kinematic_state,78241386326,53.8452,-141.0786
/localization/kinematic_state,78291386327,53.8451,-141.0786
/localization/kinematic_state,78341386328,53.8449,-141.0786
/localization/kinematic_state,78391386328,53.8448,-141.0786
/localization/kinematic_state,78441386329,53.8447,-141.0786
/localization/kinematic_state,78491386330,53.8445,-141.0786
/localization/kinematic_state,78541386330,53.8444,-141.0786
/localization/kinematic_state,78591386331,53.8443,-141.0786
/localization/kinematic_state,78641386332,53.8441,-141.0786
/localization/kinematic_state,78691386333,53.8440,-141.0786
/localization/kinematic_state,78741386333,53.8438,-141.0786
/localization/kinematic_state,78791386334,53.8437,-141.0786
/localization/kinematic_state,78841386335,53.8436,-141.0786
/localization/kinematic_state,78891386336,53.8434,-141.0786
/localization/kinematic_state,78941386336,53.9504,-141.0763
/localization/kinematic_state,78991386337,53.9747,-141.0751
/localization/kinematic_state,79041386338,53.9903,-141.0741
/localization/kinematic_state,79091386339,53.9963,-141.0737
/localization/kinematic_state,79141386339,54.0017,-141.0732
/localization/kinematic_state,79191386340,54.0044,-141.0732
/localization/kinematic_state,79241386341,54.0071,-141.0732
/localization/kinematic_state,79291386342,54.0098,-141.0732
/localization/kinematic_state,79341386342,54.0124,-141.0732
/localization/kinematic_state,79391386343,54.0151,-141.0732
/localization/kinematic_state,79441386344,54.0178,-141.0732
/localization/kinematic_state,79491386345,54.0205,-141.0732
/localization/kinematic_state,79541386345,54.0232,-141.0732
/localization/kinematic_state,79591386346,54.0259,-141.0732
/localization/kinematic_state,79641386347,54.0285,-141.0732
/localization/kinematic_state,79691386348,54.0312,-141.0731
/localization/kinematic_state,79741386348,54.0339,-141.0731
/localization/kinematic_state,79791386349,54.0366,-141.0731
/localization/kinematic_state,79841386350,54.0393,-141.0731
/localization/kinematic_state,79891386351,54.0419,-141.0731
/localization/kinematic_state,79941386351,53.8184,-141.0747
/localization/kinematic_state,79991386352,53.8256,-141.0737
/localization/kinematic_state,80091386354,53.8286,-141.0727
/localization/kinematic_state,80141386354,53.8310,-141.0718
/localization/kinematic_state,80191386355,53.8326,-141.0709
/localization/kinematic_state,80241386356,53.8319,-141.0709
/localization/kinematic_state,80291386357,53.8312,-141.0709
/localization/kinematic_state,80341386357,53.8304,-141.0709
/localization/kinematic_state,80391386358,53.8297,-141.0709
/localization/kinematic_state,80441386359,53.8290,-141.0709
/localization/kinematic_state,80491386360,53.8283,-141.0709
/localization/kinematic_state,80541386360,53.8275,-141.0709
/localization/kinematic_state,80591386361,53.8268,-141.0709
/localization/kinematic_state,80641386362,53.8261,-141.0709
/localization/kinematic_state,80691386363,53.8254,-141.0709
/localization/kinematic_state,80741386363,53.8246,-141.0709
/localization/kinematic_state,80791386364,53.8239,-141.0709
/localization/kinematic_state,80841386365,53.8232,-141.0709
/localization/kinematic_state,80891386365,53.8225,-141.0709
/localization/kinematic_state,80941386366,53.8217,-141.0710
/localization/kinematic_state,80991386367,53.8210,-141.0710
/localization/kinematic_state,81041386368,53.8203,-141.0710
/localization/kinematic_state,81091386368,53.8196,-141.0710
/localization/kinematic_state,81141386369,53.8188,-141.0710
/localization/kinematic_state,81191386370,53.8181,-141.0710
/localization/kinematic_state,81241386371,53.8174,-141.0710
/localization/kinematic_state,81291386371,53.8167,-141.0710
/localization/kinematic_state,81341386372,53.8159,-141.0710
/localization/kinematic_state,81391386373,53.8152,-141.0710
/localization/kinematic_state,81441386374,53.8145,-141.0710
/localization/kinematic_state,81491386374,53.8138,-141.0710
/localization/kinematic_state,81541386375,53.8130,-141.0710
/localization/kinematic_state,81591386376,53.8123,-141.0710
/localization/kinematic_state,81641386377,53.8116,-141.0710
/localization/kinematic_state,81691386377,53.8109,-141.0710
/localization/kinematic_state,81741386378,53.8101,-141.0710
/localization/kinematic_state,81791386379,53.8094,-141.0710
/localization/kinematic_state,81891386380,53.8080,-141.0710
/localization/kinematic_state,81941386381,53.8072,-141.0710
/localization/kinematic_state,81991386382,53.8065,-141.0710
/localization/kinematic_state,82041386383,53.8058,-141.0710
/localization/kinematic_state,82091386383,53.8051,-141.0710
/localization/kinematic_state,82141386384,53.8043,-141.0710
/localization/kinematic_state,82191386385,53.8036,-141.0710
/localization/kinematic_state,82241386386,53.8029,-141.0710
/localization/kinematic_state,82291386386,53.8022,-141.0710
/localization/kinematic_state,82341386387,53.8014,-141.0710
/localization/kinematic_state,82391386388,53.8007,-141.0710
/localization/kinematic_state,82441386389,53.8000,-141.0710
/localization/kinematic_state,82491386389,53.7993,-141.0710
/localization/kinematic_state,82541386390,53.7985,-141.0710
/localization/kinematic_state,82591386391,53.7978,-141.0710
/localization/kinematic_state,82641386392,53.7971,-141.0710
/localization/kinematic_state,82691386392,53.7964,-141.0710
/localization/kinematic_state,82741386393,53.7956,-141.0710
/localization/kinematic_state,82841386395,53.7942,-141.0710
/localization/kinematic_state,82891386395,53.7935,-141.0710
/localization/kinematic_state,82941386396,53.7927,-141.0710
/localization/kinematic_state,82991386397,53.7920,-141.0710
/localization/kinematic_state,83041386398,53.7913,-141.0710
/localization/kinematic_state,83141386399,53.7898,-141.0710
/localization/kinematic_state,83191386400,53.7891,-141.0711
/localization/kinematic_state,83241386401,53.7884,-141.0711
/localization/kinematic_state,83291386401,53.7877,-141.0711
/localization/kinematic_state,83341386402,53.7869,-141.0711
/localization/kinematic_state,83391386403,53.7862,-141.0711
/localization/kinematic_state,83441386403,53.7855,-141.0711
/localization/kinematic_state,83491386404,53.7848,-141.0711
/localization/kinematic_state,83541386405,53.7840,-141.0711
/localization/kinematic_state,83591386406,53.7833,-141.0711
/localization/kinematic_state,83641386406,53.7826,-141.0711
/localization/kinematic_state,83691386407,53.7819,-141.0711
/localization/kinematic_state,83741386408,53.7811,-141.0711
/localization/kinematic_state,83791386409,53.7804,-141.0711
/localization/kinematic_state,83891386410,53.7790,-141.0711
/localization/kinematic_state,83941386411,53.7782,-141.0711
/localization/kinematic_state,83991386412,53.7775,-141.0711
/localization/kinematic_state,84041386412,53.7768,-141.0711
/localization/kinematic_state,84091386413,53.7761,-141.0711
/localization/kinematic_state,84141386414,53.7753,-141.0711
/localization/kinematic_state,84191386415,53.7746,-141.0711
/localization/kinematic_state,84241386415,53.7739,-141.0711
/localization/kinematic_state,84291386416,53.7732,-141.0711
/localization/kinematic_state,84341386417,53.7724,-141.0711
/localization/kinematic_state,84391386418,53.7717,-141.0711
/localization/kinematic_state,84441386418,53.7710,-141.0711
/localization/kinematic_state,84491386419,53.7703,-141.0711
/localization/kinematic_state,84541386420,53.7695,-141.0711
/localization/kinematic_state,84591386421,53.7688,-141.0712
/localization/kinematic_state,84641386421,53.7681,-141.0712
/localization/kinematic_state,84691386422,53.7674,-141.0712
/localization/kinematic_state,84741386423,53.7666,-141.0712
/localization/kinematic_state,84791386424,53.7659,-141.0712
/localization/kinematic_state,84841386424,53.7652,-141.0712
/localization/kinematic_state,84891386425,53.7645,-141.0712
/localization/kinematic_state,84941386426,53.7637,-141.0712
/localization/kinematic_state,84991386427,53.7630,-141.0712
/localization/kinematic_state,85041386427,53.7623,-141.0712
/localization/kinematic_state,85091386428,53.7616,-141.0712
/localization/kinematic_state,85141386429,53.7608,-141.0712
/localization/kinematic_state,85191386430,53.7601,-141.0712
/localization/kinematic_state,85241386430,53.7594,-141.0712
/localization/kinematic_state,85291386431,53.7587,-141.0712
/localization/kinematic_state,85341386432,53.7579,-141.0712
/localization/kinematic_state,85391386433,53.7572,-141.0712
/localization/kinematic_state,85491386434,53.7558,-141.0712
/localization/kinematic_state,85591386436,53.7543,-141.0712
/localization/kinematic_state,85641386436,53.7536,-141.0712
/localization/kinematic_state,85691386437,53.7529,-141.0712
/localization/kinematic_state,85741386438,53.7521,-141.0713
/localization/kinematic_state,85791386439,53.7514,-141.0713
/localization/kinematic_state,85841386439,53.7507,-141.0713
/localization/kinematic_state,85891386440,53.7500,-141.0713
/localization/kinematic_state,85941386441,53.7492,-141.0713
/localization/kinematic_state,85991386441,53.7485,-141.0713
/localization/kinematic_state,86041386442,53.7478,-141.0713
/localization/kinematic_state,86091386443,53.7471,-141.0713
/localization/kinematic_state,86141386444,53.7463,-141.0713
/localization/kinematic_state,86191386444,53.7456,-141.0713
/localization/kinematic_state,86241386445,53.7449,-141.0713
/localization/kinematic_state,86341386447,53.7434,-141.0713
/localization/kinematic_state,86391386447,53.7427,-141.0713
/localization/kinematic_state,86441386448,53.7420,-141.0713
/localization/kinematic_state,86491386449,53.7413,-141.0713
/localization/kinematic_state,86541386450,53.7405,-141.0713
/localization/kinematic_state,86591386450,53.7398,-141.0713
/localization/kinematic_state,86641386451,53.7391,-141.0713
/localization/kinematic_state,86691386452,53.7384,-141.0713
/localization/kinematic_state,86741386453,53.7376,-141.0714
/localization/kinematic_state,86791386453,53.7369,-141.0714
/localization/kinematic_state,86841386454,53.7362,-141.0714
/localization/kinematic_state,86891386455,53.7355,-141.0714
/localization/kinematic_state,86941386456,53.7347,-141.0714
/localization/kinematic_state,86991386456,53.7340,-141.0714
/localization/kinematic_state,87041386457,53.7333,-141.0714
/localization/kinematic_state,87091386458,53.7326,-141.0714
/localization/kinematic_state,87141386459,53.7319,-141.0714
/localization/kinematic_state,87191386459,53.7311,-141.0714
/localization/kinematic_state,87241386460,53.7304,-141.0714
/localization/kinematic_state,87291386461,53.7297,-141.0714
/localization/kinematic_state,87341386462,53.7290,-141.0714
/localization/kinematic_state,87391386462,53.7282,-141.0714
/localization/kinematic_state,87441386463,53.8605,-141.0650
/localization/kinematic_state,87491386464,53.8596,-141.0609
/localization/kinematic_state,87541386465,53.8590,-141.0576
/localization/kinematic_state,87591386465,53.8584,-141.0548
/localization/kinematic_state,87641386466,53.8579,-141.0524
/localization/kinematic_state,87691386467,53.8580,-141.0524
/localization/kinematic_state,87741386468,53.8580,-141.0524
/localization/kinematic_state,87791386468,53.8581,-141.0524
/localization/kinematic_state,87841386469,53.9226,-141.0511
/localization/kinematic_state,87891386470,53.9187,-141.0488
/localization/kinematic_state,87941386471,53.9152,-141.0468
/localization/kinematic_state,87991386471,53.9125,-141.0451
/localization/kinematic_state,88041386472,53.9103,-141.0436
/localization/kinematic_state,88091386473,53.9103,-141.0429
/localization/kinematic_state,88141386474,53.9115,-141.0429
/localization/kinematic_state,88191386474,53.9127,-141.0429
/localization/kinematic_state,88241386475,53.9139,-141.0429
/localization/kinematic_state,88341386477,53.9163,-141.0429
/localization/kinematic_state,88441386478,53.9187,-141.0429
/localization/kinematic_state,88491386479,53.9200,-141.0428
/localization/kinematic_state,88541386479,53.9212,-141.0428
/localization/kinematic_state,88591386480,53.9224,-141.0428
/localization/kinematic_state,88641386481,53.9236,-141.0428
/localization/kinematic_state,88691386482,53.9248,-141.0428
/localization/kinematic_state,88741386482,53.9260,-141.0428
/localization/kinematic_state,88791386483,53.9272,-141.0428
/localization/kinematic_state,88841386484,53.9284,-141.0428
/localization/kinematic_state,88891386485,53.9296,-141.0428
/localization/kinematic_state,88991386486,53.9320,-141.0428
/localization/kinematic_state,89091386488,53.9344,-141.0428
/localization/kinematic_state,89141386488,53.9357,-141.0428
/localization/kinematic_state,89191386489,53.9369,-141.0428
/localization/kinematic_state,89241386490,53.9381,-141.0428
/localization/kinematic_state,89291386491,53.9393,-141.0428
/localization/kinematic_state,89341386491,53.9405,-141.0428
/localization/kinematic_state,89391386492,53.9417,-141.0428
/localization/kinematic_state,89441386493,53.9429,-141.0428
/localization/kinematic_state,89491386494,53.9441,-141.0428
/localization/kinematic_state,89541386494,53.9453,-141.0428
/localization/kinematic_state,89591386495,53.9465,-141.0428
/localization/kinematic_state,89641386496,53.9477,-141.0427
/localization/kinematic_state,89691386497,53.9489,-141.0427
/localization/kinematic_state,89741386497,53.9502,-141.0427
/localization/kinematic_state,89791386498,53.9514,-141.0427
/localization/kinematic_state,89841386499,53.9526,-141.0427
/localization/kinematic_state,89891386500,53.9538,-141.0427
/localization/kinematic_state,89941386500,53.9550,-141.0427
/localization/kinematic_state,89991386501,53.9562,-141.0427
/localization/kinematic_state,90041386502,53.9574,-141.0427
/localization/kinematic_state,90091386503,53.7187,-141.0420
/localization/kinematic_state,90141386503,53.8728,-141.0396
/localization/kinematic_state,90191386504,53.8740,-141.0379
/localization/kinematic_state,90241386505,53.8753,-141.0365
/localization/kinematic_state,90291386506,53.8766,-141.0354
/localization/kinematic_state,90341386506,53.8779,-141.0347
/localization/kinematic_state,90391386507,53.8789,-141.0347
/localization/kinematic_state,90441386508,53.8800,-141.0347
/localization/kinematic_state,90491386509,53.8811,-141.0347
/localization/kinematic_state,90541386509,53.8822,-141.0347
/localization/kinematic_state,90591386510,53.8833,-141.0347
/localization/kinematic_state,90641386511,53.8843,-141.0347
/localization/kinematic_state,90691386512,53.8854,-141.0347
/localization/kinematic_state,90741386512,53.8865,-141.0347
/localization/kinematic_state,90791386513,53.8876,-141.0347
/localization/kinematic_state,90841386514,53.8887,-141.0347
/localization/kinematic_state,90891386515,53.8897,-141.0347
/localization/kinematic_state,90941386515,53.8908,-141.0347
/localization/kinematic_state,90991386516,53.8919,-141.0347
/localization/kinematic_state,91041386517,53.8930,-141.0347
/localization/kinematic_state,91141386518,53.8951,-141.0347
/localization/kinematic_state,91191386519,53.8962,-141.0347
/localization/kinematic_state,91241386520,53.8973,-141.0347
/localization/kinematic_state,91291386520,53.8984,-141.0347
/localization/kinematic_state,91341386521,53.8994,-141.0347
/localization/kinematic_state,91391386522,53.9005,-141.0347
/localization/kinematic_state,91441386523,53.9016,-141.0347
/localization/kinematic_state,91491386523,53.9027,-141.0347
/localization/kinematic_state,91541386524,53.9038,-141.0347
/localization/kinematic_state,91591386525,53.9048,-141.0347
/localization/kinematic_state,91641386526,53.9059,-141.0347
/localization/kinematic_state,91691386526,53.9070,-141.0347
/localization/kinematic_state,91741386527,53.9081,-141.0347
/localization/kinematic_state,91841386529,53.9102,-141.0347
/localization/kinematic_state,91891386529,53.9113,-141.0348
/localization/kinematic_state,91941386530,53.9124,-141.0348
/localization/kinematic_state,91991386531,53.9135,-141.0348
/localization/kinematic_state,92041386532,53.9146,-141.0348
/localization/kinematic_state,92091386532,53.9156,-141.0348
/localization/kinematic_state,92141386533,53.9167,-141.0348
/localization/kinematic_state,92191386534,53.9178,-141.0348
/localization/kinematic_state,92241386535,53.9189,-141.0348
/localization/kinematic_state,92291386535,53.9199,-141.0348
/localization/kinematic_state,92341386536,53.9210,-141.0348
/localization/kinematic_state,92391386537,53.9221,-141.0348
/localization/kinematic_state,92441386538,53.9232,-141.0348
/localization/kinematic_state,92491386538,53.9243,-141.0348
/localization/kinematic_state,92591386540,53.9264,-141.0348
/localization/kinematic_state,92641386541,53.9275,-141.0348
/localization/kinematic_state,92691386541,53.9286,-141.0348
/localization/kinematic_state,92741386542,53.9297,-141.0348
/localization/kinematic_state,92791386543,53.9307,-141.0349
/localization/kinematic_state,92841386544,53.9318,-141.0349
/localization/kinematic_state,92891386544,53.9329,-141.0349
/localization/kinematic_state,92941386545,53.9340,-141.0349
/localization/kinematic_state,92991386546,53.9351,-141.0349
/localization/kinematic_state,93041386547,53.9361,-141.0349
/localization/kinematic_state,93091386547,53.9372,-141.0349
/localization/kinematic_state,93141386548,53.9383,-141.0349
/localization/kinematic_state,93191386549,53.9394,-141.0349
/localization/kinematic_state,93291386550,53.9415,-141.0349
/localization/kinematic_state,93341386551,53.9426,-141.0349
/localization/kinematic_state,93391386552,53.9437,-141.0349
/localization/kinematic_state,93441386553,53.9448,-141.0349
/localization/kinematic_state,93491386553,53.9459,-141.0349
/localization/kinematic_state,93541386554,53.9469,-141.0350
/localization/kinematic_state,93591386555,53.9480,-141.0350
/localization/kinematic_state,93641386555,53.9491,-141.0350
/localization/kinematic_state,93691386556,53.9502,-141.0350
/localization/kinematic_state,93741386557,53.9512,-141.0350
/localization/kinematic_state,93791386558,53.9523,-141.0350
/localization/kinematic_state,93841386558,53.9534,-141.0350
/localization/kinematic_state,93891386559,53.9545,-141.0350
/localization/kinematic_state,93941386560,53.9556,-141.0350
/localization/kinematic_state,93991386561,53.9566,-141.0350
/localization/kinematic_state,94041386561,53.9577,-141.0350
/localization/kinematic_state,94091386562,53.9588,-141.0350
/localization/kinematic_state,94141386563,53.9599,-141.0351
/localization/kinematic_state,94191386564,53.9610,-141.0351
/localization/kinematic_state,94241386564,53.9620,-141.0351
/localization/kinematic_state,94291386565,53.9631,-141.0351
/localization/kinematic_state,94341386566,53.9642,-141.0351
/localization/kinematic_state,94391386567,53.9653,-141.0351
/localization/kinematic_state,94441386567,53.9664,-141.0351
/localization/kinematic_state,94491386568,53.9674,-141.0351
/localization/kinematic_state,94541386569,53.9685,-141.0351
/localization/kinematic_state,94591386570,53.9696,-141.0351
/localization/kinematic_state,94641386570,53.9707,-141.0351
/localization/kinematic_state,94691386571,53.9718,-141.0352
/localization/kinematic_state,94741386572,53.9728,-141.0352
/localization/kinematic_state,94791386573,53.9739,-141.0352
/localization/kinematic_state,94841386573,53.9750,-141.0352
/localization/kinematic_state,94891386574,53.9761,-141.0352
/localization/kinematic_state,94941386575,53.9771,-141.0352
/localization/kinematic_state,94991386576,53.9782,-141.0352
/localization/kinematic_state,95041386576,53.9793,-141.0352
/localization/kinematic_state,95091386577,53.9804,-141.0352
/localization/kinematic_state,95141386578,53.9815,-141.0352
/localization/kinematic_state,95191386579,53.9825,-141.0353
/localization/kinematic_state,95241386579,53.9836,-141.0353
/localization/kinematic_state,95291386580,53.9847,-141.0353
/localization/kinematic_state,95341386581,53.9858,-141.0353
/localization/kinematic_state,95441386582,53.9879,-141.0353
/localization/kinematic_state,95491386583,53.9890,-141.0353
/localization/kinematic_state,95591386585,53.9912,-141.0353
/localization/kinematic_state,95641386585,53.9923,-141.0354
/localization/kinematic_state,95691386586,53.9933,-141.0354
/localization/kinematic_state,95741386587,53.9944,-141.0354
/localization/kinematic_state,95791386588,53.9955,-141.0354
/localization/kinematic_state,95841386588,53.9966,-141.0354
/localization/kinematic_state,95891386589,53.9977,-141.0354
/localization/kinematic_state,95941386590,53.9987,-141.0354
/localization/kinematic_state,95991386591,53.9998,-141.0354
/localization/kinematic_state,96041386591,54.0009,-141.0355
/localization/kinematic_state,96091386592,54.0020,-141.0355
/localization/kinematic_state,96141386593,54.0030,-141.0355
/localization/kinematic_state,96191386593,54.0041,-141.0355
/localization/kinematic_state,96291386595,54.0063,-141.0355
/localization/kinematic_state,96341386596,54.0074,-141.0355
/localization/kinematic_state,96391386596,54.0084,-141.0355
/localization/kinematic_state,96441386597,53.8078,-141.0326
/localization/kinematic_state,96491386598,53.8068,-141.0325
/localization/kinematic_state,96541386599,53.8058,-141.0324
/localization/kinematic_state,96591386599,53.8048,-141.0324
/localization/kinematic_state,96641386600,53.8038,-141.0323
/localization/kinematic_state,96741386602,53.8018,-141.0322
/localization/kinematic_state,96791386602,53.8008,-141.0321
/localization/kinematic_state,96841386603,53.7998,-141.0320
/localization/kinematic_state,96891386604,53.7988,-141.0320
/localization/kinematic_state,96991386605,53.7968,-141.0318
/localization/kinematic_state,97041386606,53.7958,-141.0318
/localization/kinematic_state,97141386608,53.7939,-141.0316
/localization/kinematic_state,97191386608,53.7929,-141.0315
/localization/kinematic_state,97241386609,53.7919,-141.0315
/localization/kinematic_state,97291386610,53.7909,-141.0314
/localization/kinematic_state,97341386611,53.7899,-141.0313
/localization/kinematic_state,97391386611,53.7889,-141.0312
/localization/kinematic_state,97441386612,53.7879,-141.0311
/localization/kinematic_state,97491386613,53.7869,-141.0310
/localization/kinematic_state,97541386614,53.7859,-141.0310
/localization/kinematic_state,97591386614,53.7849,-141.0309
/localization/kinematic_state,97641386615,53.7839,-141.0308
/localization/kinematic_state,97691386616,53.7829,-141.0307
/localization/kinematic_state,97741386617,53.7819,-141.0306
/localization/kinematic_state,97791386617,53.7809,-141.0305
/localization/kinematic_state,97841386618,53.8043,-141.0300
/localization/kinematic_state,97891386619,53.7930,-141.0278
/localization/kinematic_state,97941386620,53.7858,-141.0260
/localization/kinematic_state,97991386620,53.7804,-141.0246
/localization/kinematic_state,98041386621,53.7761,-141.0233
/localization/kinematic_state,98091386622,53.7743,-141.0233
/localization/kinematic_state,98141386623,53.7725,-141.0234
/localization/kinematic_state,98191386623,53.7708,-141.0234
/localization/kinematic_state,98241386624,53.7690,-141.0234
/localization/kinematic_state,98291386625,53.7672,-141.0234
/localization/kinematic_state,98341386626,53.7654,-141.0234
/localization/kinematic_state,98391386626,53.7637,-141.0234
/localization/kinematic_state,98441386627,53.7619,-141.0234
/localization/kinematic_state,98491386628,53.7601,-141.0234
/localization/kinematic_state,98541386629,53.7584,-141.0234
/localization/kinematic_state,98591386629,53.7566,-141.0235
/localization/kinematic_state,98641386630,53.7548,-141.0235
/localization/kinematic_state,98691386631,53.7530,-141.0235
/localization/kinematic_state,98741386631,53.7513,-141.0235
/localization/kinematic_state,98841386633,53.7477,-141.0235
/localization/kinematic_state,98891386634,53.7459,-141.0235
/localization/kinematic_state,98941386634,53.7442,-141.0235
/localization/kinematic_state,98991386635,53.7424,-141.0236
/localization/kinematic_state,99041386636,53.7406,-141.0236
/localization/kinematic_state,99091386637,53.7389,-141.0236
/localization/kinematic_state,99191386638,53.7353,-141.0236
/localization/kinematic_state,99241386639,53.7335,-141.0236
