1785377276.160 55.3325 -141.1698
1785377276.210 55.3325 -141.1698
1785377276.260 55.3325 -141.1698
1785377276.310 55.3325 -141.1698
1785377276.360 55.3325 -141.1698
1785377276.410 55.3325 -141.1698
1785377276.461 55.3325 -141.1698
1785377276.511 55.3325 -141.1698
1785377276.561 55.3325 -141.1698
1785377276.611 55.3325 -141.1698
1785377276.661 55.3325 -141.1698
1785377276.711 55.3325 -141.1698
1785377276.761 55.3325 -141.1698
1785377276.811 55.3325 -141.1698
1785377276.861 55.3325 -141.1698
1785377276.912 55.3325 -141.1698
1785377276.962 55.3325 -141.1698
1785377277.012 55.3325 -141.1698
1785377277.062 55.3325 -141.1698
1785377277.112 55.3325 -141.1698
1785377277.162 55.3325 -141.1698
1785377277.212 55.3325 -141.1698
1785377277.262 55.3325 -141.1698
1785377277.312 55.3325 -141.1698
1785377277.363 55.3325 -141.1698
1785377277.413 55.3325 -141.1698
1785377277.463 55.3325 -141.1698
1785377277.513 55.3325 -141.1698
1785377277.563 55.3325 -141.1698
1785377277.613 55.3325 -141.1698
1785377277.663 55.3325 -141.1698
1785377277.713 55.3325 -141.1698
1785377277.763 55.3325 -141.1698
1785377277.813 55.3325 -141.1698
1785377277.864 55.3325 -141.1698
1785377277.914 55.3325 -141.1698
1785377277.964 55.3325 -141.1698
1785377278.014 55.3325 -141.1698
1785377278.064 55.3325 -141.1698
1785377278.114 55.3325 -141.1698
1785377278.164 55.3325 -141.1698
1785377278.214 55.3325 -141.1698
1785377278.265 55.3325 -141.1698
1785377278.315 55.3325 -141.1698
1785377278.365 55.3325 -141.1698
1785377278.415 55.3325 -141.1698
1785377278.465 55.3325 -141.1698
1785377278.515 55.3325 -141.1698
1785377278.565 55.3325 -141.1698
1785377278.615 55.3325 -141.1698
1785377278.665 55.3325 -141.1698
1785377278.716 55.3325 -141.1698
1785377278.766 55.3325 -141.1698
1785377278.816 55.3325 -141.1698
1785377278.866 55.3325 -141.1698
1785377278.916 55.3325 -141.1698
1785377278.966 55.3325 -141.1698
1785377279.016 55.3325 -141.1698
1785377279.066 55.3325 -141.1698
1785377279.117 55.3325 -141.1698
1785377279.167 55.3325 -141.1698
1785377279.217 55.3325 -141.1698
1785377279.267 55.3325 -141.1698
1785377279.317 55.3325 -141.1698
1785377279.367 55.3325 -141.1698
1785377279.417 55.3325 -141.1698
1785377279.467 55.3325 -141.1698
1785377279.518 55.3325 -141.1698
1785377279.568 55.3325 -141.1698
1785377279.618 55.3325 -141.1698
1785377279.668 55.3325 -141.1698
1785377279.718 55.3325 -141.1698
1785377279.768 55.3325 -141.1698
1785377279.818 55.3325 -141.1698
1785377279.868 55.3325 -141.1698
1785377279.918 55.3325 -141.1698
1785377279.969 55.3325 -141.1698
1785377280.019 55.3325 -141.1698
1785377280.069 55.3325 -141.1698
1785377280.119 55.3325 -141.1698
1785377280.169 55.3325 -141.1698
1785377280.219 55.3325 -141.1698
1785377280.269 55.3325 -141.1698
1785377280.319 55.3325 -141.1698
1785377280.369 55.3325 -141.1698
1785377280.420 55.3325 -141.1698
1785377280.470 55.3325 -141.1698
1785377280.520 55.3325 -141.1698
1785377280.570 55.3325 -141.1698
1785377280.620 55.3325 -141.1698
1785377280.670 55.3325 -141.1698
1785377280.720 55.3325 -141.1698
1785377280.770 55.3325 -141.1698
1785377280.820 55.3325 -141.1698
1785377280.871 55.3325 -141.1698
1785377280.921 55.3325 -141.1698
1785377280.971 55.3325 -141.1698
1785377281.021 55.3325 -141.1698
1785377281.071 55.3325 -141.1698
1785377281.121 55.3325 -141.1698
1785377281.172 55.3325 -141.1698
1785377281.222 55.3325 -141.1698
1785377281.272 55.3325 -141.1698
1785377281.322 55.3325 -141.1698
1785377281.372 55.3325 -141.1698
1785377281.422 55.3325 -141.1698
1785377281.472 55.3325 -141.1698
1785377281.522 55.3325 -141.1698
1785377281.572 55.3325 -141.1698
1785377281.623 55.3325 -141.1698
1785377281.673 55.3325 -141.1698
1785377281.723 55.3325 -141.1698
1785377281.773 55.3325 -141.1698
1785377281.823 55.3325 -141.1698
1785377281.873 55.3325 -141.1698
1785377281.924 55.3325 -141.1698
1785377281.974 55.3325 -141.1698
1785377282.024 55.3325 -141.1698
1785377282.074 55.3325 -141.1698
1785377282.125 55.3325 -141.1698
1785377282.175 55.3325 -141.1698
1785377282.225 55.3325 -141.1698
1785377282.275 55.3325 -141.1698
1785377282.325 55.3325 -141.1698
1785377282.375 55.3325 -141.1698
1785377282.425 55.3325 -141.1698
1785377282.475 55.3325 -141.1698
1785377282.526 55.3325 -141.1698
1785377282.576 55.3325 -141.1698
1785377282.626 55.3325 -141.1698
1785377282.676 55.3325 -141.1698
1785377282.726 55.3325 -141.1698
1785377282.776 55.3325 -141.1698
1785377282.826 55.3325 -141.1698
1785377282.876 55.3325 -141.1698
1785377282.927 55.3325 -141.1698
1785377282.977 55.3325 -141.1698
1785377283.027 55.3325 -141.1698
1785377283.077 55.3325 -141.1698
1785377283.127 55.3325 -141.1698
1785377283.177 55.3325 -141.1698
1785377283.227 55.3325 -141.1698
1785377283.277 55.3325 -141.1698
1785377283.328 55.3325 -141.1698
1785377283.378 55.3325 -141.1698
1785377283.428 55.3325 -141.1698
1785377283.478 55.3325 -141.1698
1785377283.528 55.3325 -141.1698
1785377283.578 55.3325 -141.1698
1785377283.628 55.3325 -141.1698
1785377283.678 55.3325 -141.1698
1785377283.728 55.3325 -141.1698
1785377283.779 55.3325 -141.1698
1785377283.829 55.3325 -141.1698
1785377283.879 55.3325 -141.1698
1785377283.929 55.3325 -141.1698
1785377283.979 55.3325 -141.1698
1785377284.029 55.3325 -141.1698
1785377284.079 55.3325 -141.1698
1785377284.130 55.3325 -141.1698
1785377284.180 55.3325 -141.1698
1785377284.230 55.3325 -141.1698
1785377284.280 55.3325 -141.1698
1785377284.330 55.3325 -141.1698
1785377284.380 55.3325 -141.1698
1785377284.430 55.3325 -141.1698
1785377284.480 55.3325 -141.1698
1785377284.530 55.3325 -141.1698
1785377284.581 55.3325 -141.1698
1785377284.631 55.3325 -141.1698
1785377284.681 55.3325 -141.1698
1785377284.731 55.3325 -141.1698
1785377284.781 55.3325 -141.1698
1785377284.831 55.3325 -141.1698
1785377284.881 55.3325 -141.1698
1785377284.931 55.3325 -141.1698
1785377284.981 55.3325 -141.1698
1785377285.032 55.3325 -141.1698
1785377285.082 55.3325 -141.1698
1785377285.132 55.3325 -141.1698
1785377285.182 55.3325 -141.1698
1785377285.232 55.3325 -141.1698
1785377285.282 55.3325 -141.1698
1785377285.332 55.3325 -141.1698
1785377285.382 55.3325 -141.1698
1785377285.433 55.3325 -141.1698
1785377285.483 55.3325 -141.1698
1785377285.533 55.3325 -141.1698
1785377285.583 55.3325 -141.1698
1785377285.633 55.3325 -141.1698
1785377285.683 55.3325 -141.1698
1785377285.733 55.3325 -141.1698
1785377285.783 55.3325 -141.1698
1785377285.834 55.3325 -141.1698
1785377285.884 55.3325 -141.1698
1785377285.934 55.3325 -141.1698
1785377285.984 55.3325 -141.1698
1785377286.034 55.3325 -141.1698
1785377286.084 55.3325 -141.1698
1785377286.134 55.3325 -141.1698
1785377286.184 55.3325 -141.1698
1785377286.235 55.3325 -141.1698
1785377286.285 55.3325 -141.1698
1785377286.335 55.3325 -141.1698
1785377286.385 55.3325 -141.1698
1785377286.435 55.3325 -141.1698
1785377286.485 55.3325 -141.1698
1785377286.535 55.3325 -141.1698
1785377286.586 55.3325 -141.1698
1785377286.636 55.3325 -141.1698
1785377286.686 55.3325 -141.1698
1785377286.736 55.3325 -141.1698
1785377286.786 55.3325 -141.1698
1785377286.836 55.3325 -141.1698
1785377286.886 55.3325 -141.1698
1785377286.936 55.3325 -141.1698
1785377286.986 55.3325 -141.1698
1785377287.037 55.3325 -141.1698
1785377287.087 55.3325 -141.1698
1785377287.137 55.3325 -141.1698
1785377287.187 55.3325 -141.1698
1785377287.237 55.3325 -141.1698
1785377287.287 55.3325 -141.1698
1785377287.337 55.3325 -141.1698
1785377287.387 55.3325 -141.1698
1785377287.438 55.3325 -141.1698
1785377287.488 55.3325 -141.1698
1785377287.538 55.3325 -141.1698
1785377287.588 55.3325 -141.1698
1785377287.638 55.3325 -141.1698
1785377287.688 55.3325 -141.1698
1785377287.738 55.3325 -141.1698
1785377287.788 55.3325 -141.1698
1785377287.839 55.3325 -141.1698
1785377287.889 55.3325 -141.1698
1785377287.939 55.3325 -141.1698
1785377287.989 55.3325 -141.1698
1785377288.039 55.3325 -141.1698
1785377288.089 55.3325 -141.1698
1785377288.139 55.3325 -141.1698
1785377288.190 55.3325 -141.1698
1785377288.240 55.3325 -141.1698
1785377288.290 55.3325 -141.1698
1785377288.340 55.3325 -141.1698
1785377288.390 55.3325 -141.1698
1785377288.440 55.3325 -141.1698
1785377288.490 55.3325 -141.1698
1785377288.540 55.3325 -141.1698
1785377288.591 55.3325 -141.1698
1785377288.641 55.3325 -141.1698
1785377288.691 55.3325 -141.1698
1785377288.741 55.3325 -141.1698
1785377288.791 55.3325 -141.1698
1785377288.841 55.3325 -141.1698
1785377288.891 55.3325 -141.1698
1785377288.941 55.3325 -141.1698
1785377288.992 55.3325 -141.1698
1785377289.042 55.3325 -141.1698
1785377289.092 55.3325 -141.1698
1785377289.142 55.3325 -141.1698
1785377289.192 55.3325 -141.1698
1785377289.242 55.3325 -141.1698
1785377289.292 55.3325 -141.1698
1785377289.342 55.3325 -141.1698
1785377289.393 55.3325 -141.1698
1785377289.443 55.3325 -141.1698
1785377289.493 55.3325 -141.1698
1785377289.543 55.3325 -141.1698
1785377289.593 55.3325 -141.1698
1785377289.644 55.3325 -141.1698
1785377289.694 55.3325 -141.1698
1785377289.744 55.3325 -141.1698
1785377289.794 55.3325 -141.1698
1785377289.844 55.3325 -141.1698
1785377289.894 55.3325 -141.1698
1785377289.944 55.3325 -141.1698
1785377289.995 55.3325 -141.1698
1785377290.045 55.3325 -141.1698
1785377290.095 55.3325 -141.1698
1785377290.145 55.3325 -141.1698
1785377290.195 55.3325 -141.1698
1785377290.245 55.3325 -141.1698
1785377290.295 55.3325 -141.1698
1785377290.345 55.3325 -141.1698
1785377290.395 55.3325 -141.1698
1785377290.446 55.3325 -141.1698
1785377290.496 55.3325 -141.1698
1785377290.546 55.3325 -141.1698
1785377290.596 55.3325 -141.1698
1785377290.646 55.3325 -141.1698
1785377290.696 55.3325 -141.1698
1785377290.746 55.3325 -141.1698
1785377290.797 55.3325 -141.1698
1785377290.847 55.3325 -141.1698
1785377290.897 55.3325 -141.1698
1785377290.947 55.3325 -141.1698
1785377290.997 55.3325 -141.1698
1785377291.047 55.3325 -141.1698
1785377291.097 55.3325 -141.1698
1785377291.148 55.3325 -141.1698
1785377291.198 55.3325 -141.1698
1785377291.248 55.3325 -141.1698
1785377291.298 55.3325 -141.1698
1785377291.348 55.3325 -141.1698
1785377291.398 55.3325 -141.1698
1785377291.448 55.3325 -141.1698
1785377291.499 55.3325 -141.1698
1785377291.549 55.3325 -141.1698
1785377291.599 55.3325 -141.1698
1785377291.649 55.3325 -141.1698
1785377291.699 55.3325 -141.1698
1785377291.749 55.3325 -141.1698
1785377291.799 55.3325 -141.1698
1785377291.849 55.3325 -141.1698
1785377291.900 55.3325 -141.1698
1785377291.950 55.3325 -141.1698
1785377292.000 55.3325 -141.1698
1785377292.050 55.3325 -141.1698
1785377292.100 55.3325 -141.1698
1785377292.150 55.3325 -141.1698
1785377292.200 55.3325 -141.1698
1785377292.250 55.3325 -141.1698
1785377292.301 55.3325 -141.1698
1785377292.351 55.3325 -141.1698
1785377292.401 55.3325 -141.1698
1785377292.451 55.3325 -141.1698
1785377292.501 55.3325 -141.1698
1785377292.551 55.3325 -141.1698
1785377292.601 55.3325 -141.1698
1785377292.651 55.3325 -141.1698
1785377292.702 55.3325 -141.1698
1785377292.752 55.3325 -141.1698
1785377292.802 55.3325 -141.1698
1785377292.852 55.3325 -141.1698
1785377292.902 55.3325 -141.1698
1785377292.952 55.3325 -141.1698
1785377293.002 55.3325 -141.1698
1785377293.053 55.3325 -141.1698
1785377293.103 55.3325 -141.1698
1785377293.153 55.3325 -141.1698
1785377293.203 55.3325 -141.1698
1785377293.253 55.3325 -141.1698
1785377293.303 55.3325 -141.1698
1785377293.353 55.3325 -141.1698
1785377293.403 55.3325 -141.1698
1785377293.454 55.3325 -141.1698
1785377293.504 55.3325 -141.1698
1785377293.554 55.3325 -141.1698
1785377293.604 55.3325 -141.1698
1785377293.654 55.3325 -141.1698
1785377293.704 55.3325 -141.1698
1785377293.754 55.3325 -141.1698
1785377293.804 55.3325 -141.1698
1785377293.854 55.3325 -141.1698
1785377293.905 55.3325 -141.1698
1785377293.955 55.3325 -141.1698
1785377294.005 55.3325 -141.1698
1785377294.055 55.3325 -141.1698
1785377294.105 55.3325 -141.1698
1785377294.155 55.3325 -141.1698
1785377294.205 55.3325 -141.1698
1785377294.255 55.3325 -141.1698
1785377294.306 55.3325 -141.1698
1785377294.356 55.3325 -141.1698
1785377294.406 55.3325 -141.1698
1785377294.456 55.3325 -141.1698
1785377294.506 55.3325 -141.1698
1785377294.556 55.3325 -141.1698
1785377294.606 55.3325 -141.1698
1785377294.656 55.3325 -141.1698
1785377294.707 55.3325 -141.1698
1785377294.757 55.3325 -141.1698
1785377294.807 55.3325 -141.1698
1785377294.857 55.3325 -141.1698
1785377294.907 55.3325 -141.1698
1785377294.957 55.3325 -141.1698
1785377295.007 55.3325 -141.1698
1785377295.057 55.3325 -141.1698
1785377295.108 55.3325 -141.1698
1785377295.158 55.3325 -141.1698
1785377295.208 55.3325 -141.1698
1785377295.258 55.3325 -141.1698
1785377295.308 55.3325 -141.1698
1785377295.358 55.3325 -141.1698
1785377295.408 55.3325 -141.1698
1785377295.458 55.3325 -141.1698
1785377295.509 55.3325 -141.1698
1785377295.559 55.3325 -141.1698
1785377295.609 55.3325 -141.1698
1785377295.659 55.3325 -141.1698
1785377295.709 55.3325 -141.1698
1785377295.759 55.3325 -141.1698
1785377295.809 55.3325 -141.1698
1785377295.859 55.3325 -141.1698
1785377295.910 55.3325 -141.1698
1785377295.960 55.3325 -141.1698
1785377296.010 55.3325 -141.1698
1785377296.060 55.3325 -141.1698
1785377296.110 55.3325 -141.1698
