1785377276.625 54.9072 -141.2083
1785377276.664 54.9961 -140.8245
1785377276.716 55.0038 -141.1850
1785377276.763 54.9781 -140.9266
1785377276.815 54.9235 -141.2241
1785377276.864 54.9494 -140.9953
1785377276.916 55.0818 -141.1713
1785377276.964 54.8518 -141.0169
1785377277.019 55.1463 -141.1559
1785377277.065 55.0406 -140.6102
1785377277.116 55.0972 -141.1288
1785377277.165 55.0671 -140.9518
1785377277.215 54.9824 -141.1793
1785377277.264 54.9859 -141.0981
1785377277.316 55.0354 -141.2240
1785377277.366 55.0839 -140.9465
1785377277.416 55.0779 -141.1686
1785377277.465 54.9648 -141.0311
1785377277.517 54.9552 -141.2324
1785377277.566 54.9882 -140.7573
1785377277.616 55.0189 -141.1947
1785377277.667 54.9947 -140.7375
1785377277.717 55.1280 -141.3071
1785377277.767 54.9531 -140.9352
1785377277.816 55.0425 -141.1490
1785377277.867 54.9572 -140.7834
1785377277.916 54.9621 -141.2271
1785377277.967 54.9946 -140.9823
1785377278.018 55.2252 -141.0623
1785377278.067 55.0002 -140.7498
1785377278.117 55.0664 -141.1851
1785377278.168 54.8725 -141.1250
1785377278.223 55.5587 -141.1470
1785377278.266 54.9110 -140.9942
1785377278.318 55.0349 -141.1348
1785377278.368 54.9808 -140.6803
1785377278.419 55.0884 -141.1881
1785377278.466 55.0613 -141.0807
1785377278.517 55.0626 -141.1871
1785377278.567 55.0062 -140.8424
1785377278.618 55.1129 -141.1732
1785377278.667 54.9533 -140.9500
1785377278.719 55.1772 -141.2677
1785377278.767 54.9184 -140.8185
1785377278.819 54.9602 -141.1883
1785377278.870 55.0195 -140.6327
1785377278.918 55.0560 -141.1499
1785377278.968 55.0092 -140.9171
1785377279.018 55.0099 -141.2427
1785377279.069 55.0839 -140.6263
1785377279.122 55.6359 -141.1358
1785377279.169 54.9950 -140.7496
1785377279.220 55.1054 -141.1842
1785377279.268 54.9091 -140.7616
1785377279.320 55.2659 -141.1860
1785377279.368 54.9292 -140.9734
1785377279.421 55.1079 -141.1571
1785377279.468 54.9635 -141.0229
1785377279.519 55.0700 -141.1355
1785377279.568 54.9852 -141.0133
1785377279.620 55.0954 -141.2096
1785377279.668 55.0933 -141.0195
1785377279.719 55.0625 -141.1748
1785377279.770 54.9820 -140.9981
1785377279.821 55.1246 -141.1284
1785377279.869 55.0059 -140.8111
1785377279.919 54.9402 -141.2252
1785377279.971 54.8619 -141.0527
1785377280.019 55.0318 -141.1381
1785377280.068 54.9479 -140.9972
1785377280.122 55.0066 -141.1593
1785377280.169 55.0300 -140.7781
1785377280.220 55.0567 -141.1932
1785377280.269 54.9422 -141.1675
1785377280.320 55.0772 -141.1533
1785377280.370 54.9417 -140.9544
1785377280.419 55.0314 -141.1613
1785377280.468 55.0252 -141.0820
1785377280.521 55.0729 -141.2036
1785377280.571 55.1043 -140.8129
1785377280.621 55.0765 -141.1601
1785377280.670 54.9372 -141.0452
1785377280.722 55.0566 -141.2510
1785377280.771 55.0398 -140.8093
1785377280.824 55.0352 -141.1355
1785377280.871 55.0194 -140.9342
1785377280.923 55.0458 -141.1545
1785377280.972 54.8622 -140.8499
1785377281.021 55.0279 -141.1719
1785377281.073 54.9518 -140.7098
1785377281.122 55.0563 -141.1617
1785377281.172 54.9458 -140.8191
1785377281.222 54.9833 -141.1445
1785377281.271 54.9603 -141.0327
1785377281.324 54.9712 -141.1796
1785377281.372 55.0767 -140.7019
1785377281.422 55.0179 -141.1778
1785377281.470 54.9878 -141.0737
1785377281.524 54.9583 -141.0867
1785377281.571 55.0193 -141.0054
1785377281.623 55.4059 -141.2230
1785377281.671 54.9330 -141.0754
1785377281.724 54.9886 -141.2105
1785377281.772 55.0443 -140.9885
1785377281.822 54.9808 -141.2169
1785377281.872 54.9956 -141.0809
1785377281.923 54.9802 -141.1312
1785377281.973 55.0327 -141.0151
1785377282.023 54.9647 -141.1821
1785377282.072 55.0075 -141.1094
1785377282.124 55.0287 -141.1846
1785377282.174 54.8873 -140.8733
1785377282.226 55.0179 -141.2316
1785377282.272 54.9509 -141.0649
1785377282.324 54.7988 -141.1605
1785377282.376 55.0057 -140.6193
1785377282.424 55.0358 -141.2106
1785377282.475 54.8862 -140.5684
1785377282.526 55.1498 -141.0698
1785377282.574 54.8754 -141.1426
1785377282.625 54.9969 -141.1865
1785377282.673 54.9448 -141.0784
1785377282.726 55.0580 -141.2821
1785377282.773 54.9772 -140.9202
1785377282.825 54.9818 -141.1258
1785377282.873 54.9770 -141.0206
1785377282.927 55.1268 -141.1353
1785377282.973 54.9524 -141.1294
1785377283.025 55.0655 -141.2156
1785377283.075 54.9961 -140.8166
1785377283.127 55.0312 -141.1493
1785377283.174 54.9510 -140.9518
1785377283.226 55.0700 -141.1616
1785377283.275 54.9818 -141.0636
1785377283.325 54.9947 -141.1832
1785377283.377 55.0210 -140.5507
1785377283.425 55.0868 -141.1443
1785377283.476 54.9696 -140.9339
1785377283.526 55.0077 -141.1593
1785377283.576 54.9676 -140.8249
1785377283.630 55.0078 -141.1861
1785377283.677 54.9320 -140.8974
1785377283.726 55.0588 -141.1845
1785377283.776 54.9860 -140.9294
1785377283.827 54.8844 -141.1713
1785377283.878 54.9544 -140.5384
1785377283.925 55.0516 -141.1640
1785377283.977 54.8550 -141.1124
1785377284.031 55.5000 -141.1680
1785377284.076 54.9440 -140.8486
1785377284.128 55.0138 -141.2036
1785377284.176 54.9658 -141.0900
1785377284.230 54.9553 -141.2436
1785377284.277 54.9476 -141.1500
1785377284.329 55.0604 -141.2029
1785377284.376 55.0031 -141.0755
1785377284.428 55.0966 -141.2110
1785377284.476 54.9529 -140.8945
1785377284.530 55.0645 -141.1840
1785377284.577 54.9225 -140.8636
1785377284.631 55.0788 -141.1879
1785377284.678 55.0500 -140.9953
1785377284.729 55.1100 -141.1662
1785377284.777 54.9447 -141.1289
1785377284.828 55.0713 -141.1952
1785377284.876 55.0209 -141.0674
1785377284.930 55.0199 -141.1454
1785377284.978 55.0178 -140.9912
1785377285.028 55.0333 -141.1560
1785377285.081 54.8729 -140.9169
1785377285.129 55.0180 -141.2072
1785377285.178 54.8868 -141.0490
1785377285.230 55.0158 -141.1071
1785377285.279 54.8860 -140.7163
1785377285.330 55.0106 -141.1213
1785377285.378 54.9354 -141.1762
1785377285.429 54.9914 -141.1927
1785377285.478 54.9824 -141.0179
1785377285.530 55.0437 -141.1261
1785377285.581 54.9624 -140.6591
1785377285.631 55.1016 -141.1568
1785377285.680 54.9979 -141.0810
1785377285.730 55.0142 -141.1642
1785377285.781 55.0184 -140.6956
1785377285.832 55.0260 -141.2785
1785377285.879 54.9891 -141.0655
1785377285.930 55.0433 -141.1546
1785377285.979 55.0411 -140.9415
1785377286.031 55.0344 -141.1822
1785377286.080 54.9592 -141.1888
1785377286.133 55.2238 -141.2720
1785377286.183 55.0432 -140.5664
1785377286.231 54.9644 -141.1813
1785377286.282 55.0855 -140.6839
1785377286.331 54.9993 -141.1398
1785377286.383 55.0355 -140.6942
1785377286.432 55.0531 -141.1578
1785377286.482 54.9778 -140.8143
1785377286.533 55.2760 -141.2163
1785377286.582 55.0294 -141.1039
1785377286.632 55.0370 -141.1329
1785377286.683 54.9339 -140.8812
1785377286.733 55.0328 -141.1143
1785377286.782 54.9617 -141.1778
1785377286.833 55.1524 -141.1664
1785377286.881 54.9042 -141.1454
1785377286.934 54.9869 -141.1833
1785377286.982 54.9370 -140.9901
1785377287.035 55.0163 -141.1423
1785377287.083 55.0655 -140.7755
1785377287.135 55.0018 -141.1962
1785377287.182 54.9571 -140.9456
1785377287.234 55.0735 -141.2238
1785377287.283 55.0001 -141.0482
1785377287.334 55.0098 -141.2896
1785377287.382 54.9981 -141.1147
1785377287.433 55.0228 -141.1110
1785377287.483 54.9132 -141.0241
1785377287.537 55.1333 -141.2501
1785377287.583 54.8830 -141.0623
1785377287.635 55.0634 -141.1189
1785377287.683 54.8702 -140.9510
1785377287.736 54.8852 -141.2356
1785377287.783 55.0836 -140.9687
1785377287.836 55.2493 -141.2444
1785377287.885 54.9063 -140.8632
1785377287.934 55.0554 -141.1455
1785377287.983 54.9471 -141.0398
1785377288.033 55.0251 -141.1173
1785377288.084 54.9787 -140.9099
1785377288.135 54.9661 -141.1495
1785377288.185 54.9637 -140.7408
1785377288.234 55.0530 -141.1043
1785377288.285 55.0217 -140.5958
1785377288.335 55.0018 -141.1926
1785377288.384 54.9571 -140.7821
1785377288.435 55.0074 -141.2041
1785377288.484 54.9473 -141.0779
1785377288.536 55.0642 -141.0981
1785377288.586 54.9660 -140.7582
1785377288.635 55.1385 -141.1718
1785377288.686 55.1102 -140.5182
1785377288.737 55.5540 -141.1577
1785377288.784 55.0345 -141.0452
1785377288.835 55.0357 -141.1696
1785377288.885 54.9965 -140.9686
1785377288.936 55.1167 -141.1324
1785377288.989 54.9997 -140.6962
1785377289.035 55.0812 -141.1404
1785377289.085 55.0570 -140.9673
1785377289.136 55.0761 -141.0954
1785377289.185 54.9100 -140.9061
1785377289.238 55.0474 -141.1379
1785377289.286 54.9701 -140.9599
1785377289.336 55.0540 -141.0862
1785377289.385 54.9767 -141.2056
1785377289.436 55.0827 -141.2062
1785377289.486 55.0194 -141.0930
1785377289.539 55.1669 -141.2512
1785377289.585 55.0094 -141.1387
1785377289.638 55.0598 -141.1283
1785377289.686 54.9820 -140.7612
1785377289.741 55.3804 -141.1645
1785377289.785 54.9591 -141.0442
1785377289.839 55.0560 -141.1407
1785377289.887 54.9674 -140.7065
1785377289.938 55.0474 -141.1069
1785377289.987 54.9609 -141.1490
1785377290.037 54.9900 -141.2154
1785377290.088 54.9475 -140.7424
1785377290.137 55.0788 -141.1176
1785377290.188 54.7550 -141.1611
1785377290.238 55.0930 -141.1513
1785377290.289 54.9493 -140.7082
1785377290.342 55.0600 -141.1281
1785377290.389 54.9383 -140.7188
1785377290.439 54.9855 -141.1699
1785377290.487 55.0174 -141.0066
1785377290.540 55.0334 -141.1152
1785377290.590 54.8352 -141.3095
1785377290.638 54.9925 -141.1666
1785377290.688 54.9208 -140.9047
1785377290.741 55.0876 -141.2130
1785377290.788 54.9246 -140.9429
1785377290.839 55.0502 -141.1310
1785377290.888 54.9768 -141.1842
1785377290.941 55.0217 -141.1781
1785377290.989 54.9562 -140.9607
1785377291.042 55.0612 -141.1922
1785377291.088 54.9896 -141.0187
1785377291.140 55.1187 -141.1737
1785377291.189 54.9167 -141.0498
1785377291.238 55.0102 -141.1299
1785377291.289 54.9371 -140.9564
1785377291.342 55.0847 -141.1528
1785377291.388 55.0092 -140.9766
1785377291.442 54.9876 -141.1109
1785377291.489 54.9287 -140.9159
1785377291.540 55.0911 -141.1982
1785377291.589 54.9974 -141.0748
1785377291.643 55.3637 -141.2831
1785377291.689 54.9901 -140.9575
1785377291.741 54.9733 -141.2609
1785377291.790 54.9763 -141.0627
1785377291.841 55.0735 -141.1691
1785377291.891 54.9801 -140.7180
1785377291.942 55.0265 -141.1902
1785377291.990 54.9517 -140.9830
1785377292.041 55.0922 -141.2920
1785377292.091 54.9907 -141.1258
1785377292.141 55.0402 -141.1385
1785377292.190 55.0014 -141.1041
1785377292.242 55.0063 -141.1537
1785377292.292 55.0660 -140.9858
1785377292.342 55.0280 -141.1477
1785377292.391 55.0012 -140.5842
1785377292.443 55.0438 -141.1604
1785377292.492 55.0054 -140.7497
1785377292.541 55.0542 -141.1020
1785377292.591 55.0241 -141.0848
1785377292.643 55.0556 -141.1354
1785377292.691 55.0121 -141.1205
1785377292.745 55.0264 -141.1612
1785377292.794 54.9786 -140.8294
1785377292.842 55.0518 -141.1744
1785377292.892 54.8629 -141.0547
1785377292.941 55.0327 -141.1398
1785377292.991 55.0172 -141.0952
1785377293.044 54.9504 -141.1955
1785377293.093 54.9346 -140.7317
1785377293.145 55.0283 -141.1270
1785377293.193 54.8817 -140.8438
1785377293.244 55.0068 -141.1545
1785377293.293 54.9096 -141.1252
1785377293.343 55.0158 -141.1610
1785377293.392 55.0204 -141.0180
1785377293.448 55.0700 -141.1491
1785377293.495 54.9434 -140.9965
1785377293.543 55.0535 -141.1256
1785377293.594 54.9754 -140.7742
1785377293.644 55.0341 -141.2127
1785377293.695 54.9971 -140.9633
1785377293.743 55.0448 -141.1507
1785377293.794 54.9761 -141.0216
1785377293.845 54.9524 -141.1681
1785377293.893 55.0309 -141.1865
1785377293.946 55.0714 -141.0935
1785377293.996 54.9676 -140.6748
1785377294.047 55.0532 -141.2183
1785377294.095 55.0084 -140.7981
1785377294.147 54.9904 -141.2787
1785377294.194 54.9910 -141.0324
1785377294.244 55.0050 -141.1319
1785377294.293 54.9820 -141.0566
1785377294.346 55.0200 -141.1561
1785377294.396 54.9786 -140.9721
1785377294.445 54.9984 -141.1068
1785377294.495 54.9620 -141.0650
1785377294.544 55.0545 -141.1096
1785377294.596 55.0278 -140.6974
1785377294.647 55.0285 -141.1100
1785377294.694 55.0186 -141.1007
1785377294.746 54.9752 -141.2290
1785377294.795 54.9746 -140.9937
1785377294.848 55.0323 -141.1645
1785377294.895 54.8648 -141.0194
1785377294.947 55.0377 -141.1463
1785377294.995 55.0027 -141.0984
1785377295.047 54.9971 -141.2324
1785377295.094 54.9909 -141.0849
1785377295.147 55.1501 -141.1383
1785377295.194 54.9807 -141.0884
1785377295.248 55.2360 -141.1915
1785377295.296 54.9028 -140.9739
1785377295.351 55.1663 -141.1601
1785377295.395 55.0230 -141.0857
1785377295.447 54.9865 -141.1711
1785377295.496 54.9286 -141.0857
1785377295.548 55.0520 -141.1322
1785377295.595 55.0434 -141.0812
1785377295.648 54.9985 -141.1702
1785377295.697 54.9522 -141.0282
1785377295.747 55.0919 -141.1088
1785377295.800 54.9601 -140.7398
1785377295.850 55.0252 -141.1032
1785377295.900 54.9053 -140.9256
1785377295.950 55.0576 -141.2027
1785377296.000 55.0232 -141.0906
1785377296.047 55.0171 -141.1014
1785377296.099 55.0008 -140.7033
1785377296.149 55.0825 -141.1624
1785377296.199 54.9220 -140.9581
1785377296.249 54.9987 -141.1692
1785377296.298 55.0190 -140.6919
1785377296.350 54.9858 -141.1797
1785377296.400 54.9837 -140.9426
1785377296.448 55.0271 -141.1325
1785377296.499 54.9930 -140.9893
1785377296.549 55.0580 -141.2106
1785377296.599 55.0780 -140.7093
